Time (ms)	Ch1 V	Ch2 V	Ch1 A	Ch2 A	RPM	Torque
0.000	19.933	36.493	5.463	4.079	1576.718	-1.412
0.002	45.236	36.451	5.463	4.087	1592.558	-1.392
0.003	48.213	36.445	5.472	4.095	1599.869	-1.388
0.005	48.554	36.432	5.488	4.087	1613.272	-1.383
0.006	48.585	36.426	5.504	4.087	1609.617	-1.389
0.008	48.585	36.426	5.521	4.079	1629.113	-1.377
0.009	48.578	36.426	5.521	4.087	1615.709	-1.385
0.011	48.578	36.438	5.529	4.087	1614.491	-1.382
0.012	48.591	36.420	5.545	4.079	1607.180	-1.385
0.014	48.566	36.438	5.562	4.087	1603.525	-1.385
0.015	48.578	36.408	5.562	4.087	1599.869	-1.388
0.017	48.560	36.426	5.586	4.087	1603.525	-1.387
0.019	48.560	36.384	5.578	4.095	1610.835	-1.382
0.020	48.560	36.390	5.603	4.087	1604.743	-1.388
0.022	48.554	36.371	5.603	4.104	1612.054	-1.387
0.023	48.548	36.408	5.611	4.087	1625.457	-1.377
0.025	48.542	36.378	5.611	4.087	1623.020	-1.383
0.026	48.536	36.438	5.611	4.095	1615.709	-1.388
0.028	48.548	36.438	5.627	4.095	1610.835	-1.388
0.029	48.548	36.469	5.635	4.095	1610.835	-1.383
0.031	48.542	36.505	5.644	4.087	1608.398	-1.385
0.033	48.548	36.560	5.652	4.087	1604.743	-1.385
0.034	48.548	36.597	5.660	4.079	1602.306	-1.385
0.036	48.542	36.615	5.660	4.095	1601.088	-1.385
0.037	48.536	36.652	5.668	4.087	1597.432	-1.387
0.039	48.542	36.676	5.676	4.087	1598.651	-1.393
0.040	48.536	36.706	5.676	4.079	1608.398	-1.385
0.042	48.536	36.718	5.701	4.095	1619.365	-1.381
0.043	48.542	36.743	5.676	4.087	1626.676	-1.378
0.045	48.536	36.761	5.701	4.104	1612.054	-1.384
0.046	48.536	36.785	5.709	4.095	1612.054	-1.382
0.048	48.530	36.798	5.717	4.087	1608.398	-1.385
0.050	48.518	36.822	5.709	4.087	1607.180	-1.382
0.051	48.536	36.822	5.725	4.095	1603.525	-1.385
0.053	48.524	36.840	5.717	4.087	1598.651	-1.389
0.054	48.536	36.859	5.717	4.079	1605.961	-1.384
0.056	48.518	36.871	5.734	4.087	1616.928	-1.379
0.057	48.518	36.816	5.734	4.079	1612.054	-1.385
0.059	48.524	36.840	5.742	4.087	1608.398	-1.393
0.060	48.524	36.785	5.742	4.087	1620.583	-1.382
0.062	48.518	36.804	5.750	4.079	1614.491	-1.385
0.064	48.524	36.773	5.758	4.095	1610.835	-1.385
0.065	48.524	36.785	5.750	4.079	1609.617	-1.384
0.067	48.524	36.822	5.758	4.087	1612.054	-1.382
0.068	48.524	36.773	5.775	4.079	1607.180	-1.382
0.070	48.518	36.792	5.775	4.087	1602.306	-1.385
0.071	48.518	36.749	5.783	4.079	1599.869	-1.382
0.073	48.518	36.779	5.791	4.079	1598.651	-1.385
0.074	48.518	36.743	5.799	4.087	1602.306	-1.383
0.076	48.518	36.761	5.791	4.087	1602.306	-1.390
0.077	48.524	36.718	5.799	4.095	1607.180	-1.389
0.079	48.512	36.755	5.799	4.087	1614.491	-1.387
0.081	48.512	36.718	5.799	4.095	1615.709	-1.381
0.082	48.518	36.718	5.807	4.095	1608.398	-1.387
0.084	48.512	36.706	5.807	4.079	1604.743	-1.387
0.085	48.499	36.706	5.824	4.087	1608.398	-1.383
0.087	48.505	36.712	5.832	4.087	1607.180	-1.381
0.088	48.512	36.682	5.832	4.087	1603.525	-1.385
0.090	48.505	36.700	5.840	4.087	1601.088	-1.387
0.091	48.512	36.664	5.848	4.087	1605.961	-1.387
0.093	48.505	36.688	5.832	4.087	1618.146	-1.378
0.095	48.493	36.664	5.848	4.095	1616.928	-1.385
0.096	48.499	36.682	5.848	4.095	1612.054	-1.389
0.098	48.493	36.652	5.857	4.087	1618.146	-1.384
0.099	48.493	36.676	5.848	4.095	1613.272	-1.382
0.101	48.487	36.639	5.857	4.095	1608.398	-1.387
0.102	48.487	36.652	5.865	4.087	1608.398	-1.383
0.104	48.481	36.627	5.857	4.095	1608.398	-1.382
0.105	48.487	36.639	5.865	4.087	1604.743	-1.383
0.107	48.475	36.621	5.881	4.087	1597.432	-1.384
0.108	48.475	36.621	5.881	4.087	1597.432	-1.385
0.110	48.469	36.621	5.881	4.079	1602.306	-1.385
0.112	48.469	36.603	5.889	4.095	1605.961	-1.387
0.113	48.475	36.621	5.889	4.095	1607.180	-1.389
0.115	48.469	36.603	5.881	4.087	1608.398	-1.390
0.116	48.469	36.627	5.906	4.087	1616.928	-1.379
0.118	48.475	36.597	5.906	4.087	1615.709	-1.381
0.119	48.475	36.615	5.906	4.087	1609.617	-1.382
0.121	48.469	36.585	5.914	4.087	1603.525	-1.387
0.122	48.481	36.609	5.914	4.087	1602.306	-1.387
0.124	48.469	36.572	5.914	4.087	1607.180	-1.381
0.126	48.475	36.597	5.922	4.087	1603.525	-1.385
0.127	48.475	36.572	5.922	4.087	1604.743	-1.385
0.129	48.475	36.572	5.914	4.079	1614.491	-1.383
0.130	48.481	36.560	5.938	4.095	1621.802	-1.381
0.132	48.487	36.554	5.938	4.079	1614.491	-1.387
0.133	48.475	36.548	5.938	4.095	1610.835	-1.389
0.135	48.481	36.542	5.938	4.087	1620.583	-1.378
0.136	48.463	36.548	5.955	4.087	1614.491	-1.382
0.138	48.469	36.530	5.955	4.095	1607.180	-1.384
0.139	48.469	36.542	5.955	4.095	1608.398	-1.382
0.141	48.469	36.518	5.955	4.071	1607.180	-1.383
0.143	48.469	36.548	5.963	4.095	1597.432	-1.382
0.144	48.457	36.518	5.971	4.095	1596.214	-1.384
0.146	48.457	36.548	5.963	4.095	1602.306	-1.384
0.147	48.457	36.524	5.971	4.087	1605.961	-1.387
0.149	48.463	36.554	5.971	4.087	1613.272	-1.383
0.150	48.469	36.518	5.979	4.095	1610.835	-1.389
0.152	48.457	36.530	5.979	4.095	1612.054	-1.388
0.153	48.463	36.511	5.979	4.112	1616.928	-1.382
0.155	48.469	36.511	5.988	4.095	1609.617	-1.383
0.157	48.463	36.505	5.988	4.079	1608.398	-1.383
0.158	48.463	36.499	5.988	4.095	1604.743	-1.383
0.160	48.469	36.511	6.004	4.087	1608.398	-1.382
0.161	48.457	36.493	6.004	4.087	1602.306	-1.383
0.163	48.457	36.511	6.012	4.087	1608.398	-1.385
0.164	48.463	36.499	6.004	4.104	1610.835	-1.387
0.166	48.457	36.524	6.012	4.087	1616.928	-1.385
0.167	48.457	36.487	6.012	4.095	1625.457	-1.379
0.169	48.451	36.518	6.012	4.095	1613.272	-1.389
0.170	48.457	36.475	6.020	4.095	1607.180	-1.392
0.172	48.451	36.511	6.029	4.104	1612.054	-1.384
0.174	48.445	36.475	6.029	4.104	1616.928	-1.377
0.175	48.451	36.505	6.029	4.095	1605.961	-1.383
0.177	48.451	36.475	6.037	4.087	1604.743	-1.384
0.178	48.451	36.487	6.037	4.095	1597.432	-1.383
0.180	48.451	36.481	6.029	4.087	1598.651	-1.384
0.181	48.445	36.487	6.045	4.087	1601.088	-1.383
0.183	48.445	36.475	6.053	4.095	1607.180	-1.384
0.184	48.445	36.469	6.045	4.104	1607.180	-1.389
0.186	48.438	36.487	6.061	4.095	1614.491	-1.387
0.188	48.432	36.469	6.061	4.095	1612.054	-1.384
0.189	48.432	36.499	6.069	4.095	1609.617	-1.390
0.191	48.438	36.463	6.069	4.095	1614.491	-1.382
0.192	48.426	36.493	6.078	4.095	1614.491	-1.379
0.194	48.432	36.457	6.078	4.079	1602.306	-1.387
0.195	48.432	36.493	6.069	4.087	1604.743	-1.388
0.197	48.426	36.463	6.086	4.095	1608.398	-1.382
0.198	48.426	36.499	6.086	4.095	1610.835	-1.381
0.200	48.426	36.469	6.078	4.104	1613.272	-1.384
0.201	48.408	36.493	6.069	4.104	1614.491	-1.387
0.203	48.414	36.469	6.086	4.095	1619.365	-1.385
0.205	48.426	36.475	6.086	4.095	1615.709	-1.384
0.206	48.420	36.475	6.110	4.095	1616.928	-1.384
0.208	48.426	36.463	6.094	4.087	1604.743	-1.393
0.209	48.426	36.469	6.119	4.104	1612.054	-1.381
0.211	48.426	36.463	6.102	4.095	1610.835	-1.381
0.212	48.426	36.493	6.119	4.104	1604.743	-1.384
0.214	48.420	36.457	6.110	4.095	1594.995	-1.385
0.215	48.420	36.493	6.119	4.104	1598.651	-1.385
0.217	48.420	36.451	6.127	4.104	1603.525	-1.383
0.219	48.420	36.493	6.110	4.095	1601.088	-1.387
0.220	48.414	36.457	6.119	4.112	1610.835	-1.387
0.222	48.408	36.493	6.135	4.112	1613.272	-1.385
0.223	48.420	36.469	6.135	4.079	1605.961	-1.392
0.225	48.414	36.493	6.143	4.087	1605.961	-1.389
0.226	48.414	36.469	6.135	4.095	1605.961	-1.389
0.228	48.408	36.475	6.143	4.104	1612.054	-1.382
0.229	48.414	36.469	6.151	4.095	1608.398	-1.381
0.231	48.414	36.469	6.143	4.104	1612.054	-1.382
0.232	48.420	36.469	6.151	4.095	1601.088	-1.385
0.234	48.414	36.457	6.151	4.104	1604.743	-1.385
0.236	48.414	36.481	6.160	4.104	1614.491	-1.383
0.237	48.414	36.457	6.160	4.104	1618.146	-1.383
0.239	48.420	36.493	6.168	4.104	1614.491	-1.385
0.240	48.414	36.451	6.151	4.087	1624.239	-1.381
0.242	48.420	36.493	6.176	4.104	1619.365	-1.382
0.243	48.420	36.463	6.176	4.095	1609.617	-1.387
0.245	48.414	36.493	6.184	4.104	1602.306	-1.390
0.246	48.414	36.463	6.184	4.095	1608.398	-1.383
0.248	48.414	36.493	6.176	4.095	1607.180	-1.383
0.250	48.414	36.469	6.184	4.104	1594.995	-1.387
0.251	48.408	36.499	6.176	4.104	1599.869	-1.385
0.253	48.408	36.475	6.192	4.095	1604.743	-1.381
0.254	48.414	36.475	6.192	4.087	1605.961	-1.384
0.256	48.402	36.469	6.201	4.104	1610.835	-1.387
0.257	48.408	36.469	6.209	4.104	1609.617	-1.392
0.259	48.408	36.487	6.192	4.087	1609.617	-1.389
0.260	48.402	36.457	6.209	4.095	1612.054	-1.384
0.262	48.396	36.493	6.209	4.104	1608.398	-1.385
0.263	48.408	36.469	6.209	4.095	1603.525	-1.389
0.265	48.396	36.505	6.217	4.104	1607.180	-1.381
0.267	48.402	36.475	6.233	4.104	1615.709	-1.379
0.268	48.396	36.518	6.233	4.104	1601.088	-1.384
0.270	48.390	36.469	6.233	4.095	1608.398	-1.384
0.271	48.402	36.505	6.233	4.104	1612.054	-1.385
0.273	48.390	36.475	6.241	4.095	1616.928	-1.383
0.274	48.390	36.511	6.225	4.104	1619.365	-1.383
0.276	48.390	36.487	6.241	4.104	1621.802	-1.382
0.277	48.390	36.505	6.241	4.104	1610.835	-1.388
0.279	48.390	36.487	6.233	4.112	1614.491	-1.381
0.281	48.384	36.499	6.250	4.095	1608.398	-1.384
0.282	48.384	36.493	6.258	4.104	1596.214	-1.394
0.284	48.378	36.493	6.258	4.095	1604.743	-1.385
0.285	48.371	36.499	6.258	4.112	1607.180	-1.381
0.287	48.371	36.487	6.258	4.112	1598.651	-1.387
0.288	48.365	36.511	6.258	4.104	1601.088	-1.384
0.290	48.378	36.493	6.258	4.112	1604.743	-1.385
0.291	48.378	36.524	6.266	4.104	1609.617	-1.387
0.293	48.384	36.499	6.266	4.112	1616.928	-1.384
0.294	48.371	36.530	6.282	4.095	1621.802	-1.382
0.296	48.378	36.505	6.282	4.104	1609.617	-1.385
0.298	48.371	36.530	6.274	4.104	1607.180	-1.388
0.299	48.384	36.499	6.274	4.104	1609.617	-1.383
0.301	48.378	36.542	6.291	4.104	1601.088	-1.388
0.302	48.365	36.518	6.291	4.112	1614.491	-1.377
0.304	48.378	36.542	6.291	4.104	1608.398	-1.378
0.305	48.371	36.524	6.299	4.104	1605.961	-1.385
0.307	48.378	36.518	6.299	4.104	1608.398	-1.385
0.308	48.378	36.518	6.299	4.112	1614.491	-1.385
0.310	48.371	36.536	6.299	4.104	1624.239	-1.383
0.312	48.378	36.536	6.299	4.095	1619.365	-1.383
0.313	48.371	36.524	6.315	4.112	1610.835	-1.385
0.315	48.371	36.548	6.315	4.104	1609.617	-1.388
0.316	48.365	36.518	6.315	4.104	1615.709	-1.382
0.318	48.365	36.548	6.315	4.104	1608.398	-1.384
0.319	48.365	36.530	6.315	4.112	1598.651	-1.390
0.321	48.359	36.554	6.323	4.104	1604.743	-1.384
0.322	48.365	36.524	6.323	4.104	1604.743	-1.382
0.324	48.359	36.554	6.348	4.104	1602.306	-1.384
0.325	48.365	36.530	6.348	4.112	1604.743	-1.384
0.327	48.365	36.566	6.340	4.104	1612.054	-1.383
0.329	48.365	36.530	6.332	4.104	1614.491	-1.385
0.330	48.359	36.554	6.340	4.112	1620.583	-1.383
0.332	48.371	36.536	6.348	4.112	1612.054	-1.385
0.333	48.365	36.542	6.348	4.104	1607.180	-1.389
0.335	48.365	36.536	6.348	4.112	1609.617	-1.384
0.336	48.365	36.554	6.356	4.095	1605.961	-1.385
0.338	48.371	36.554	6.356	4.112	1601.088	-1.389
0.339	48.371	36.542	6.364	4.112	1605.961	-1.387
0.341	48.365	36.560	6.364	4.095	1612.054	-1.381
0.343	48.365	36.548	6.373	4.112	1615.709	-1.381
0.344	48.353	36.572	6.356	4.112	1615.709	-1.387
0.346	48.353	36.542	6.373	4.112	1619.365	-1.387
0.347	48.353	36.572	6.381	4.112	1621.802	-1.382
0.349	48.353	36.554	6.364	4.104	1614.491	-1.385
0.350	48.359	36.585	6.381	4.112	1608.398	-1.388
0.352	48.353	36.542	6.389	4.104	1605.961	-1.388
0.353	48.353	36.585	6.389	4.095	1613.272	-1.382
0.355	48.341	36.560	6.389	4.112	1604.743	-1.385
0.356	48.341	36.597	6.389	4.112	1596.214	-1.389
0.358	48.347	36.566	6.405	4.120	1603.525	-1.383
0.360	48.341	36.578	6.397	4.112	1609.617	-1.381
0.361	48.341	36.560	6.381	4.112	1604.743	-1.387
0.363	48.341	36.572	6.397	4.112	1609.617	-1.385
0.364	48.335	36.585	6.413	4.104	1613.272	-1.385
0.366	48.335	36.572	6.405	4.112	1625.457	-1.377
0.367	48.329	36.585	6.405	4.112	1615.709	-1.382
0.369	48.323	36.578	6.413	4.104	1608.398	-1.387
0.370	48.329	36.609	6.413	4.104	1602.306	-1.392
0.372	48.323	36.578	6.438	4.112	1603.525	-1.385
0.374	48.323	36.603	6.422	4.112	1605.961	-1.383
0.375	48.323	36.566	6.430	4.112	1599.869	-1.385
0.377	48.335	36.597	6.422	4.104	1608.398	-1.383
0.378	48.329	36.578	6.422	4.104	1619.365	-1.376
0.380	48.329	36.615	6.438	4.104	1613.272	-1.387
0.381	48.323	36.578	6.446	4.095	1616.928	-1.387
0.383	48.323	36.609	6.430	4.104	1619.365	-1.385
0.384	48.317	36.572	6.454	4.112	1615.709	-1.387
0.386	48.317	36.591	6.446	4.104	1613.272	-1.383
0.387	48.329	36.585	6.446	4.112	1607.180	-1.387
0.389	48.323	36.591	6.446	4.104	1604.743	-1.388
0.391	48.323	36.597	6.454	4.112	1607.180	-1.382
0.392	48.323	36.585	6.454	4.112	1608.398	-1.379
0.394	48.317	36.597	6.463	4.112	1592.558	-1.393
0.395	48.329	36.597	6.463	4.112	1598.651	-1.387
0.397	48.323	36.621	6.471	4.104	1609.617	-1.383
0.398	48.329	36.597	6.463	4.112	1610.835	-1.387
0.400	48.317	36.621	6.463	4.104	1615.709	-1.384
0.401	48.317	36.597	6.471	4.120	1626.676	-1.377
0.403	48.317	36.633	6.463	4.112	1612.054	-1.387
0.405	48.329	36.609	6.471	4.095	1605.961	-1.388
0.406	48.323	36.633	6.487	4.120	1604.743	-1.388
0.408	48.311	36.597	6.487	4.112	1602.306	-1.387
0.409	48.317	36.639	6.479	4.104	1601.088	-1.387
0.411	48.311	36.603	6.487	4.095	1605.961	-1.384
0.412	48.305	36.627	6.495	4.112	1602.306	-1.390
0.414	48.311	36.603	6.487	4.112	1613.272	-1.384
0.415	48.317	36.609	6.495	4.112	1623.020	-1.378
0.417	48.317	36.609	6.495	4.112	1618.146	-1.383
0.418	48.317	36.627	6.504	4.112	1612.054	-1.390
0.420	48.323	36.621	6.504	4.104	1613.272	-1.388
0.422	48.317	36.615	6.504	4.104	1613.272	-1.384
0.423	48.317	36.633	6.504	4.104	1605.961	-1.388
0.425	48.311	36.615	6.512	4.104	1604.743	-1.387
0.426	48.311	36.639	6.512	4.112	1603.525	-1.387
0.428	48.311	36.603	6.512	4.104	1603.525	-1.382
0.429	48.311	36.645	6.512	4.112	1601.088	-1.384
0.431	48.311	36.621	6.520	4.112	1591.340	-1.394
0.432	48.311	36.652	6.536	4.112	1604.743	-1.389
0.434	48.311	36.627	6.528	4.112	1615.709	-1.378
0.436	48.311	36.664	6.528	4.112	1615.709	-1.383
0.437	48.298	36.627	6.528	4.112	1614.491	-1.384
0.439	48.311	36.652	6.536	4.104	1609.617	-1.388
0.440	48.305	36.633	6.536	4.120	1609.617	-1.387
0.442	48.298	36.645	6.545	4.112	1608.398	-1.385
0.443	48.298	36.633	6.545	4.112	1604.743	-1.384
0.445	48.292	36.633	6.545	4.120	1598.651	-1.389
0.446	48.286	36.621	6.553	4.104	1602.306	-1.387
0.448	48.292	36.633	6.545	4.112	1610.835	-1.382
0.449	14.186	36.621	6.520	4.120	1613.272	-1.371
0.451	1.059	36.633	6.479	4.128	1614.491	-1.385
0.453	-0.530	36.664	6.438	4.112	1621.802	-1.381
0.454	-0.712	36.645	6.405	4.104	1613.272	-1.389
0.456	-0.749	36.676	6.364	4.112	1610.835	-1.390
0.457	-0.743	36.645	6.323	4.112	1614.491	-1.384
0.459	-0.743	36.676	6.274	4.112	1610.835	-1.383
0.460	-0.731	36.645	6.241	4.112	1605.961	-1.385
0.462	-0.731	36.688	6.209	4.112	1605.961	-1.384
0.463	-0.743	36.658	6.168	4.104	1602.306	-1.387
0.465	-0.731	36.676	6.143	4.104	1601.088	-1.384
0.467	-0.725	36.645	6.110	4.112	1602.306	-1.383
0.468	-0.718	36.676	6.086	4.095	1597.432	-1.390
0.470	-0.718	36.652	6.037	4.112	1605.961	-1.389
0.471	-0.712	36.670	6.004	4.112	1620.583	-1.383
0.473	-0.700	36.652	5.988	4.112	1612.054	-1.389
0.474	-0.706	36.645	5.955	4.120	1610.835	-1.384
0.476	-0.706	36.645	5.922	4.120	1612.054	-1.384
0.477	-0.694	36.664	5.881	4.104	1609.617	-1.385
0.479	-0.694	36.676	5.857	4.120	1604.743	-1.385
0.480	-0.694	36.658	5.832	4.112	1598.651	-1.387
0.482	-0.682	36.688	5.791	4.104	1599.869	-1.387
0.484	-0.676	36.658	5.766	4.112	1608.398	-1.381
0.485	-0.682	36.688	5.742	4.104	1613.272	-1.382
0.487	-0.670	36.652	5.717	4.104	1609.617	-1.388
0.488	-0.670	36.688	5.684	4.120	1615.709	-1.387
0.490	-0.676	36.652	5.652	4.120	1625.457	-1.381
0.491	-0.664	36.682	5.635	4.112	1614.491	-1.384
0.493	-0.670	36.645	5.611	4.104	1610.835	-1.388
0.494	-0.651	36.682	5.562	4.112	1609.617	-1.383
0.496	-0.670	36.652	5.537	4.104	1608.398	-1.383
0.498	-0.645	36.670	5.512	4.120	1607.180	-1.382
0.499	-0.682	36.658	5.480	4.112	1602.306	-1.384
0.501	36.353	36.676	5.496	4.104	1588.903	-1.384
0.502	47.160	36.652	5.504	4.104	1599.869	-1.384
0.504	48.426	36.652	5.537	4.112	1605.961	-1.381
0.505	48.560	36.664	5.545	4.112	1602.306	-1.392
0.507	48.591	36.645	5.562	4.112	1614.491	-1.384
0.508	48.585	36.676	5.562	4.120	1609.617	-1.389
0.510	48.591	36.652	5.578	4.112	1610.835	-1.384
0.511	48.578	36.682	5.578	4.112	1610.835	-1.383
0.513	48.578	36.658	5.603	4.112	1608.398	-1.384
0.515	48.572	36.688	5.611	4.120	1604.743	-1.385
0.516	48.566	36.652	5.635	4.112	1602.306	-1.382
0.518	48.566	36.694	5.635	4.112	1601.088	-1.383
0.519	48.560	36.664	5.644	4.112	1607.180	-1.381
0.521	48.566	36.700	5.635	4.112	1605.961	-1.384
0.522	48.548	36.664	5.644	4.112	1618.146	-1.382
0.524	48.560	36.688	5.652	4.104	1615.709	-1.387
0.525	48.554	36.664	5.676	4.112	1618.146	-1.384
0.527	48.548	36.694	5.676	4.112	1624.239	-1.377
0.529	48.548	36.676	5.676	4.104	1614.491	-1.382
0.530	48.542	36.688	5.684	4.104	1605.961	-1.388
0.532	48.536	36.670	5.684	4.112	1608.398	-1.383
0.533	48.542	36.676	5.709	4.112	1609.617	-1.379
0.535	48.530	36.688	5.701	4.112	1609.617	-1.381
0.536	48.536	36.670	5.701	4.104	1596.214	-1.383
0.538	48.530	36.694	5.717	4.112	1601.088	-1.384
0.539	48.524	36.682	5.725	4.112	1604.743	-1.382
0.541	48.524	36.706	5.725	4.104	1609.617	-1.382
0.542	48.524	36.664	5.717	4.112	1605.961	-1.387
0.544	48.524	36.688	5.734	4.104	1625.457	-1.382
0.546	48.512	36.658	5.742	4.104	1616.928	-1.378
0.547	48.505	36.700	5.742	4.104	1608.398	-1.384
0.549	48.512	36.658	5.742	4.120	1607.180	-1.383
0.550	48.518	36.694	5.750	4.104	1604.743	-1.384
0.552	48.518	36.664	5.758	4.112	1607.180	-1.382
0.553	48.512	36.694	5.758	4.120	1605.961	-1.379
0.555	48.505	36.676	5.766	4.104	1605.961	-1.382
0.556	48.518	36.694	5.775	4.104	1608.398	-1.385
0.558	48.505	36.676	5.766	4.104	1616.928	-1.382
0.560	48.505	36.670	5.783	4.112	1624.239	-1.377
0.561	48.505	36.676	5.775	4.112	1614.491	-1.385
0.563	48.518	36.676	5.783	4.104	1615.709	-1.383
0.564	48.512	36.694	5.799	4.104	1615.709	-1.379
0.566	48.499	36.682	5.807	4.112	1604.743	-1.387
0.567	48.512	36.700	5.807	4.112	1602.306	-1.387
0.569	48.505	36.682	5.791	4.104	1605.961	-1.382
0.570	48.499	36.712	5.799	4.104	1604.743	-1.381
0.572	48.499	36.670	5.816	4.112	1599.869	-1.381
0.573	48.493	36.700	5.816	4.112	1601.088	-1.383
0.575	48.499	36.670	5.824	4.112	1604.743	-1.381
0.577	48.512	36.706	5.807	4.112	1614.491	-1.378
0.578	48.518	36.664	5.807	4.104	1616.928	-1.381
0.580	48.518	36.700	5.807	4.104	1613.272	-1.389
0.581	48.499	36.676	5.799	4.120	1610.835	-1.383
0.583	48.493	36.694	5.816	4.104	1615.709	-1.379
0.584	48.499	36.670	5.807	4.112	1605.961	-1.384
0.586	48.499	36.688	5.799	4.112	1605.961	-1.382
0.587	48.505	36.682	5.807	4.104	1601.088	-1.384
0.589	48.512	36.682	5.816	4.112	1602.306	-1.383
0.591	48.505	36.688	5.816	4.095	1599.869	-1.384
0.592	48.505	36.670	5.824	4.104	1610.835	-1.379
0.594	48.512	36.688	5.840	4.104	1609.617	-1.387
0.595	48.493	36.670	5.848	4.095	1620.583	-1.379
0.597	48.493	36.700	5.848	4.095	1621.802	-1.381
0.598	48.499	36.676	5.848	4.104	1605.961	-1.389
0.600	48.512	36.700	5.848	4.095	1609.617	-1.385
0.601	48.499	36.670	5.848	4.104	1615.709	-1.377
0.603	48.493	36.706	5.857	4.095	1609.617	-1.381
0.604	48.487	36.682	5.857	4.112	1599.869	-1.387
0.606	48.493	36.706	5.865	4.112	1602.306	-1.382
0.608	48.487	36.676	5.873	4.104	1602.306	-1.379
0.609	48.481	36.706	5.881	4.112	1599.869	-1.383
0.611	48.493	36.676	5.873	4.112	1607.180	-1.381
0.612	48.493	36.700	5.873	4.104	1609.617	-1.382
0.614	48.493	36.682	5.873	4.104	1614.491	-1.382
0.615	48.512	36.694	5.881	4.104	1610.835	-1.387
0.617	48.487	36.682	5.881	4.112	1604.743	-1.392
0.618	48.499	36.706	5.873	4.104	1608.398	-1.387
0.620	48.493	36.694	5.865	4.112	1612.054	-1.379
0.622	48.493	36.676	5.873	4.112	1607.180	-1.382
0.623	48.493	36.712	5.865	4.112	1599.869	-1.387
0.625	48.481	36.682	5.857	4.112	1605.961	-1.385
0.626	48.487	36.694	5.857	4.104	1605.961	-1.381
0.628	48.487	36.682	5.865	4.104	1609.617	-1.378
0.629	48.481	36.706	5.857	4.104	1612.054	-1.383
0.631	48.487	36.676	5.848	4.104	1614.491	-1.384
0.632	48.487	36.712	5.848	4.104	1619.365	-1.382
0.634	48.463	36.676	5.848	4.112	1620.583	-1.379
0.635	48.469	36.718	5.840	4.104	1609.617	-1.384
0.637	48.469	36.676	5.857	4.112	1610.835	-1.383
0.639	48.481	36.712	5.873	4.095	1610.835	-1.381
0.640	48.481	36.670	5.873	4.104	1605.961	-1.383
0.642	48.475	36.706	5.865	4.095	1598.651	-1.387
0.643	48.469	36.682	5.881	4.104	1594.995	-1.382
0.645	48.469	36.700	5.873	4.112	1601.088	-1.378
0.646	48.469	36.688	5.881	4.104	1603.525	-1.381
0.648	48.469	36.682	5.889	4.112	1609.617	-1.381
0.649	48.469	36.688	5.889	4.112	1608.398	-1.387
0.651	48.475	36.688	5.897	4.095	1619.365	-1.381
0.653	48.475	36.694	5.897	4.095	1615.709	-1.382
0.654	48.463	36.688	5.906	4.112	1604.743	-1.388
0.656	48.463	36.700	5.906	4.095	1608.398	-1.382
0.657	48.469	36.682	5.906	4.095	1605.961	-1.379
0.659	48.469	36.712	5.906	4.104	1605.961	-1.381
0.660	48.481	36.676	5.914	4.112	1605.961	-1.382
0.662	48.463	36.712	5.930	4.104	1604.743	-1.378
0.663	48.451	36.676	5.922	4.104	1609.617	-1.379
0.665	48.469	36.706	5.922	4.112	1615.709	-1.381
0.666	48.469	36.670	5.930	4.104	1616.928	-1.383
0.668	48.457	36.706	5.922	4.104	1613.272	-1.387
0.670	48.475	36.682	5.922	4.104	1618.146	-1.382
0.671	48.463	36.712	5.930	4.104	1614.491	-1.378
0.673	48.463	36.688	5.922	4.104	1607.180	-1.384
0.674	48.457	36.682	5.930	4.112	1608.398	-1.382
0.676	48.457	36.682	5.938	4.095	1609.617	-1.381
0.677	48.469	36.670	5.947	4.095	1598.651	-1.384
0.679	48.463	36.645	5.947	4.095	1598.651	-1.379
0.680	48.469	36.645	5.947	4.095	1601.088	-1.379
0.682	48.463	36.615	5.963	4.095	1602.306	-1.379
0.684	48.481	36.597	5.963	4.104	1608.398	-1.382
0.685	48.463	36.591	5.955	4.079	1614.491	-1.381
0.687	48.463	36.554	5.947	4.087	1610.835	-1.384
0.688	48.463	36.585	5.955	4.079	1618.146	-1.376
0.690	48.469	36.548	5.971	4.079	1612.054	-1.381
0.691	48.457	36.524	5.979	4.079	1601.088	-1.390
0.693	48.457	36.530	5.979	4.079	1602.306	-1.387
0.694	48.457	36.530	5.963	4.079	1609.617	-1.376
0.696	48.457	36.487	5.979	4.087	1608.398	-1.381
0.697	48.451	36.530	5.988	4.071	1603.525	-1.381
0.699	48.451	36.493	5.996	4.079	1612.054	-1.379
0.701	48.457	36.505	5.979	4.079	1614.491	-1.378
0.702	48.457	36.475	5.996	4.079	1616.928	-1.382
0.704	48.445	36.487	6.004	4.079	1618.146	-1.379
0.705	48.451	36.469	5.996	4.079	1610.835	-1.385
0.707	48.445	36.469	5.996	4.071	1614.491	-1.381
0.708	48.445	36.457	6.004	4.079	1616.928	-1.378
0.710	48.438	36.463	6.004	4.079	1604.743	-1.385
0.711	48.445	36.457	6.012	4.087	1598.651	-1.389
0.713	48.432	36.445	6.020	4.071	1608.398	-1.377
0.715	48.432	36.457	6.012	4.063	1597.432	-1.379
0.716	48.438	36.426	6.020	4.063	1593.777	-1.383
0.718	48.432	36.463	6.020	4.071	1604.743	-1.378
0.719	48.420	36.432	6.029	4.071	1605.961	-1.383
0.721	48.414	36.451	6.020	4.071	1612.054	-1.382
0.722	48.426	36.408	6.037	4.063	1615.709	-1.379
0.724	48.432	36.438	6.037	4.079	1610.835	-1.382
0.725	48.438	36.402	6.037	4.071	1610.835	-1.383
0.727	48.432	36.445	6.029	4.063	1609.617	-1.381
0.728	48.438	36.414	6.037	4.063	1598.651	-1.389
0.730	48.432	36.445	6.045	4.063	1599.869	-1.385
0.732	48.432	36.414	6.053	4.063	1616.928	-1.373
0.733	48.438	36.426	6.061	4.063	1607.180	-1.377
0.735	48.432	36.414	6.061	4.071	1604.743	-1.384
0.736	48.432	36.420	6.045	4.063	1609.617	-1.385
0.738	48.420	36.408	6.061	4.079	1618.146	-1.379
0.739	48.420	36.426	6.053	4.071	1619.365	-1.382
0.741	48.420	36.420	6.078	4.071	1615.709	-1.382
0.742	48.426	36.408	6.069	4.055	1610.835	-1.384
0.744	48.420	36.414	6.078	4.071	1609.617	-1.382
0.746	48.426	36.402	6.069	4.063	1609.617	-1.382
0.747	48.426	36.432	6.078	4.063	1603.525	-1.383
0.749	48.420	36.408	6.069	4.079	1599.869	-1.384
0.750	48.426	36.438	6.069	4.071	1603.525	-1.376
0.752	48.420	36.414	6.094	4.071	1598.651	-1.382
0.753	48.420	36.438	6.086	4.063	1599.869	-1.382
0.755	48.426	36.426	6.086	4.071	1605.961	-1.382
0.756	48.420	36.451	6.086	4.071	1610.835	-1.382
0.758	48.420	36.414	6.110	4.071	1619.365	-1.381
0.759	48.426	36.445	6.102	4.071	1604.743	-1.388
0.761	48.432	36.414	6.102	4.063	1608.398	-1.384
0.763	48.426	36.445	6.110	4.063	1607.180	-1.383
0.764	48.432	36.420	6.110	4.071	1607.180	-1.381
0.766	48.426	36.432	6.110	4.071	1597.432	-1.388
0.767	48.426	36.426	6.110	4.063	1607.180	-1.383
0.769	48.426	36.420	6.110	4.071	1610.835	-1.375
0.770	48.414	36.426	6.127	4.063	1610.835	-1.378
0.772	48.426	36.414	6.127	4.079	1612.054	-1.379
0.773	48.420	36.432	6.119	4.063	1618.146	-1.381
0.775	48.414	36.414	6.135	4.079	1619.365	-1.381
0.777	48.420	36.432	6.135	4.079	1621.802	-1.376
0.778	48.414	36.414	6.135	4.071	1609.617	-1.385
0.780	48.414	36.438	6.151	4.079	1607.180	-1.387
0.781	48.414	36.414	6.135	4.071	1607.180	-1.384
0.783	48.420	36.457	6.135	4.071	1610.835	-1.376
0.784	48.408	36.426	6.151	4.071	1603.525	-1.383
0.786	48.408	36.457	6.135	4.079	1592.558	-1.388
0.787	48.414	36.414	6.151	4.071	1603.525	-1.378
0.789	48.396	36.457	6.143	4.063	1602.306	-1.382
0.790	48.402	36.426	6.135	4.055	1604.743	-1.383
0.792	48.408	36.457	6.151	4.071	1610.835	-1.382
0.794	48.402	36.426	6.160	4.079	1616.928	-1.381
0.795	48.390	36.438	6.168	4.063	1614.491	-1.382
0.797	48.390	36.432	6.168	4.071	1610.835	-1.383
0.798	48.396	36.445	6.168	4.055	1604.743	-1.384
0.800	48.390	36.432	6.168	4.071	1607.180	-1.382
0.801	48.390	36.445	6.168	4.071	1608.398	-1.378
0.803	48.396	36.438	6.168	4.071	1605.961	-1.385
0.804	48.384	36.457	6.176	4.071	1599.869	-1.382
0.806	48.378	36.457	6.184	4.071	1614.491	-1.373
0.808	48.390	36.457	6.176	4.063	1612.054	-1.382
0.809	48.384	36.475	6.192	4.079	1616.928	-1.382
0.811	48.390	36.445	6.192	4.079	1618.146	-1.381
0.812	48.384	36.475	6.192	4.063	1623.020	-1.376
0.814	48.396	36.445	6.184	4.071	1612.054	-1.381
0.815	48.390	36.475	6.184	4.071	1605.961	-1.383
0.817	48.390	36.451	6.201	4.079	1607.180	-1.383
0.818	48.396	36.475	6.201	4.063	1604.743	-1.383
0.820	48.384	36.451	6.209	4.079	1610.835	-1.375
0.821	48.390	36.481	6.184	4.063	1597.432	-1.382
0.823	48.384	36.451	6.209	4.071	1597.432	-1.383
0.825	48.390	36.469	6.209	4.071	1607.180	-1.377
0.826	48.384	36.438	6.209	4.079	1605.961	-1.379
0.828	48.396	36.481	6.209	4.071	1609.617	-1.383
0.829	48.390	36.451	6.217	4.063	1615.709	-1.382
0.831	48.384	36.481	6.217	4.071	1614.491	-1.382
0.832	48.384	36.463	6.217	4.071	1612.054	-1.381
0.834	48.384	36.475	6.225	4.071	1605.961	-1.383
0.835	48.378	36.457	6.233	4.063	1605.961	-1.384
0.837	48.384	36.469	6.233	4.063	1605.961	-1.381
0.839	48.384	36.469	6.233	4.071	1612.054	-1.376
0.840	48.378	36.475	6.241	4.071	1596.214	-1.387
0.842	48.384	36.475	6.241	4.079	1603.525	-1.384
0.843	48.378	36.451	6.241	4.063	1620.583	-1.373
0.845	48.371	36.469	6.241	4.071	1619.365	-1.379
0.846	48.384	36.445	6.241	4.071	1616.928	-1.381
0.848	48.378	36.481	6.250	4.063	1620.583	-1.378
0.849	48.378	36.445	6.241	4.063	1610.835	-1.384
0.851	48.390	36.481	6.250	4.063	1609.617	-1.384
0.852	48.390	36.445	6.250	4.071	1609.617	-1.382
0.854	48.390	36.402	6.258	4.055	1604.743	-1.384
0.856	48.384	36.323	6.266	4.055	1602.306	-1.382
0.857	48.384	36.292	6.274	4.046	1609.617	-1.378
0.859	48.384	36.207	6.266	4.030	1599.869	-1.382
0.860	48.384	36.134	6.282	4.038	1598.651	-1.385
0.862	48.371	36.140	6.274	4.030	1612.054	-1.378
0.863	48.378	36.158	6.274	4.030	1613.272	-1.379
0.865	48.378	36.122	6.274	4.030	1616.928	-1.382
0.866	48.365	36.110	6.282	4.014	1620.583	-1.378
0.868	48.371	36.116	6.291	4.022	1613.272	-1.385
0.870	48.371	36.116	6.291	4.022	1607.180	-1.384
0.871	48.371	36.091	6.291	4.022	1604.743	-1.384
0.873	48.371	36.085	6.299	4.022	1605.961	-1.381
0.874	48.365	36.091	6.291	4.022	1601.088	-1.384
0.876	48.365	36.085	6.291	4.014	1602.306	-1.383
0.877	48.365	36.097	6.307	4.030	1603.525	-1.383
0.879	48.359	36.067	6.299	4.030	1609.617	-1.385
0.880	48.353	36.091	6.307	4.022	1623.020	-1.378
0.882	48.353	36.073	6.307	4.022	1624.239	-1.378
0.883	48.359	36.104	6.307	4.030	1616.928	-1.385
0.885	48.353	36.061	6.307	4.022	1608.398	-1.387
0.887	48.353	36.104	6.323	4.022	1610.835	-1.383
0.888	48.353	36.073	6.307	4.030	1609.617	-1.383
0.890	48.347	36.110	6.323	4.030	1603.525	-1.385
0.891	48.341	36.085	6.315	4.022	1601.088	-1.382
0.893	48.341	36.110	6.315	4.022	1604.743	-1.381
0.894	48.335	36.085	6.332	4.030	1604.743	-1.376
0.896	48.341	36.110	6.323	4.030	1598.651	-1.383
0.897	48.347	36.079	6.323	4.022	1602.306	-1.387
0.899	48.341	36.116	6.332	4.038	1616.928	-1.379
0.901	48.347	36.104	6.332	4.030	1615.709	-1.381
0.902	48.341	36.140	6.340	4.038	1619.365	-1.378
0.904	48.353	36.164	6.356	4.030	1608.398	-1.388
0.905	48.347	36.146	6.340	4.022	1605.961	-1.385
0.907	48.353	36.152	6.340	4.038	1608.398	-1.381
0.908	48.341	36.140	6.356	4.030	1605.961	-1.382
0.910	48.341	36.158	6.356	4.022	1599.869	-1.384
0.911	48.341	36.146	6.364	4.038	1599.869	-1.384
0.913	48.347	36.140	6.356	4.038	1607.180	-1.381
0.914	48.341	36.140	6.348	4.030	1607.180	-1.385
0.916	48.335	36.134	6.356	4.030	1615.709	-1.381
0.918	48.341	36.146	6.373	4.022	1624.239	-1.376
0.919	48.341	36.140	6.373	4.038	1618.146	-1.383
0.921	48.347	36.158	6.389	4.030	1609.617	-1.384
0.922	48.335	36.140	6.381	4.030	1607.180	-1.389
0.924	48.341	36.164	6.389	4.038	1603.525	-1.385
0.925	48.341	36.134	6.373	4.046	1607.180	-1.384
0.927	48.341	36.171	6.381	4.038	1604.743	-1.383
0.928	48.329	36.152	6.381	4.038	1598.651	-1.385
0.930	48.335	36.171	6.389	4.038	1596.214	-1.382
0.932	48.329	36.146	6.397	4.030	1605.961	-1.378
0.933	48.341	36.183	6.397	4.046	1602.306	-1.385
0.935	48.347	36.171	6.397	4.038	1608.398	-1.385
0.936	48.347	36.201	6.413	4.030	1620.583	-1.379
0.938	48.335	36.177	6.405	4.046	1604.743	-1.390
0.939	48.329	36.207	6.413	4.030	1607.180	-1.387
0.941	48.335	36.207	6.413	4.030	1605.961	-1.387
0.942	48.329	36.195	6.413	4.038	1604.743	-1.384
0.944	48.341	36.195	6.413	4.038	1603.525	-1.384
0.945	48.341	36.201	6.413	4.038	1598.651	-1.382
0.947	48.335	36.207	6.405	4.046	1602.306	-1.383
0.949	48.134	36.213	6.422	4.030	1615.709	-1.375
0.950	5.638	36.183	6.364	4.038	1620.583	-1.371
0.952	0.055	36.225	6.332	4.046	1615.709	-1.382
0.953	-0.633	36.207	6.291	4.038	1614.491	-1.385
0.955	-0.725	36.231	6.266	4.030	1623.020	-1.379
0.956	-0.731	36.207	6.201	4.038	1618.146	-1.381
0.958	-0.737	36.250	6.168	4.055	1609.617	-1.385
0.959	-0.731	36.219	6.143	4.038	1603.525	-1.385
0.961	-0.731	36.244	6.110	4.046	1604.743	-1.383
0.963	-0.725	36.219	6.069	4.046	1605.961	-1.381
0.964	-0.731	36.256	6.037	4.046	1602.306	-1.381
0.966	-0.712	36.225	6.004	4.030	1592.558	-1.387
0.967	-0.718	36.256	5.988	4.038	1597.432	-1.384
0.969	-0.706	36.225	5.947	4.038	1608.398	-1.379
0.970	-0.706	36.262	5.914	4.038	1608.398	-1.382
0.972	-0.700	36.238	5.873	4.038	1604.743	-1.390
0.973	-0.694	36.274	5.840	4.046	1618.146	-1.383
0.975	-0.688	36.238	5.824	4.046	1616.928	-1.381
0.976	-0.682	36.274	5.783	4.046	1608.398	-1.383
0.978	-0.688	36.250	5.766	4.046	1607.180	-1.382
0.980	-0.676	36.280	5.717	4.038	1608.398	-1.381
0.981	-0.670	36.311	5.701	4.046	1604.743	-1.379
0.983	-0.670	36.335	5.676	4.046	1602.306	-1.382
0.984	-0.664	36.292	5.652	4.038	1604.743	-1.382
0.986	-0.658	36.311	5.611	4.055	1603.525	-1.388
0.987	-0.658	36.286	5.586	4.046	1616.928	-1.381
0.989	-0.658	36.292	5.553	4.046	1616.928	-1.379
0.990	-0.645	36.286	5.512	4.046	1613.272	-1.383
0.992	-0.645	36.298	5.504	4.046	1619.365	-1.378
0.994	-0.639	36.286	5.480	4.046	1614.491	-1.379
0.995	-0.633	36.286	5.447	4.046	1608.398	-1.383
0.997	-0.633	36.298	5.414	4.046	1604.743	-1.382
0.998	-0.627	36.292	5.381	4.046	1605.961	-1.382
1.000	8.883	36.317	5.390	4.046	1637.642	-1.361
1.001	43.878	36.298	5.398	4.046	1598.651	-1.381
1.003	48.043	36.304	5.406	4.055	1597.432	-1.382
1.004	48.542	36.286	5.414	4.038	1599.869	-1.383
1.006	48.591	36.311	5.422	4.055	1614.491	-1.376
1.007	48.597	36.280	5.455	4.046	1610.835	-1.382
1.009	48.597	36.329	5.463	4.046	1619.365	-1.378
1.011	48.591	36.298	5.472	4.055	1615.709	-1.379
1.012	48.591	36.317	5.488	4.063	1612.054	-1.379
1.014	48.591	36.317	5.496	4.046	1608.398	-1.381
1.015	48.578	36.317	5.512	4.055	1605.961	-1.381
1.017	48.591	36.311	5.504	4.055	1602.306	-1.381
1.018	48.585	36.323	5.521	4.055	1605.961	-1.378
1.020	48.585	36.317	5.529	4.046	1601.088	-1.381
1.021	48.585	36.335	5.521	4.055	1605.961	-1.382
1.023	48.578	36.317	5.553	4.055	1609.617	-1.383
1.025	48.585	36.347	5.553	4.055	1618.146	-1.379
1.026	48.585	36.329	5.553	4.046	1616.928	-1.379
1.028	48.585	36.353	5.578	4.046	1609.617	-1.384
1.029	48.578	36.329	5.578	4.046	1615.709	-1.378
1.031	48.572	36.359	5.586	4.063	1614.491	-1.377
1.032	48.566	36.335	5.586	4.055	1608.398	-1.379
1.034	48.566	36.359	5.586	4.055	1603.525	-1.381
1.035	48.566	36.335	5.603	4.055	1602.306	-1.378
1.037	48.554	36.359	5.611	4.055	1599.869	-1.377
1.038	48.560	36.396	5.619	4.063	1598.651	-1.379
1.040	48.554	36.378	5.611	4.055	1601.088	-1.383
1.042	48.566	36.396	5.627	4.046	1604.743	-1.383
1.043	48.554	36.371	5.635	4.063	1615.709	-1.378
1.045	48.554	36.390	5.644	4.055	1615.709	-1.379
1.046	48.548	36.353	5.635	4.046	1602.306	-1.390
1.048	48.554	36.390	5.635	4.055	1607.180	-1.383
1.049	48.542	36.359	5.660	4.055	1610.835	-1.378
1.051	48.542	36.396	5.652	4.055	1604.743	-1.378
1.052	48.542	36.359	5.668	4.055	1599.869	-1.381
1.054	48.536	36.396	5.660	4.055	1604.743	-1.378
1.056	48.530	36.359	5.668	4.055	1609.617	-1.376
1.057	48.530	36.408	5.676	4.055	1607.180	-1.378
1.059	48.530	36.365	5.684	4.063	1614.491	-1.381
1.060	48.524	36.402	5.676	4.055	1618.146	-1.381
1.062	48.524	36.371	5.701	4.063	1616.928	-1.382
1.063	48.524	36.408	5.693	4.046	1615.709	-1.377
1.065	48.518	36.396	5.717	4.046	1607.180	-1.384
1.066	48.518	36.408	5.701	4.063	1609.617	-1.382
1.068	48.505	36.445	5.717	4.055	1609.617	-1.378
1.069	48.518	36.426	5.717	4.063	1603.525	-1.382
1.071	48.512	36.438	5.717	4.071	1598.651	-1.382
1.073	48.518	36.414	5.742	4.063	1597.432	-1.381
1.074	48.518	36.438	5.725	4.063	1604.743	-1.377
1.076	48.518	36.414	5.742	4.063	1605.961	-1.379
1.077	48.512	36.438	5.734	4.055	1604.743	-1.382
1.079	48.505	36.408	5.742	4.055	1613.272	-1.381
1.080	48.512	36.445	5.750	4.071	1609.617	-1.384
1.082	48.518	36.420	5.758	4.063	1610.835	-1.381
1.083	48.512	36.451	5.742	4.055	1602.306	-1.389
1.085	48.518	36.408	5.750	4.055	1605.961	-1.383
1.087	48.512	36.451	5.758	4.046	1610.835	-1.377
1.088	48.512	36.414	5.775	4.055	1602.306	-1.382
1.090	48.505	36.451	5.775	4.063	1603.525	-1.383
1.091	48.505	36.408	5.783	4.063	1605.961	-1.379
1.093	48.512	36.463	5.775	4.063	1610.835	-1.379
1.094	48.512	36.426	5.775	4.063	1614.491	-1.379
1.096	48.505	36.463	5.799	4.079	1615.709	-1.382
1.097	48.505	36.432	5.799	4.063	1614.491	-1.381
1.099	48.499	36.457	5.799	4.071	1618.146	-1.378
1.100	48.505	36.426	5.816	4.055	1609.617	-1.383
1.102	48.505	36.463	5.799	4.071	1608.398	-1.385
1.104	48.499	36.438	5.807	4.063	1610.835	-1.379
1.105	48.505	36.463	5.807	4.071	1609.617	-1.377
1.107	48.512	36.445	5.824	4.055	1601.088	-1.381
1.108	48.512	36.487	5.816	4.063	1593.777	-1.383
1.110	48.505	36.511	5.832	4.063	1596.214	-1.382
1.111	48.505	36.481	5.824	4.071	1599.869	-1.382
1.113	48.499	36.493	5.840	4.063	1612.054	-1.379
1.114	48.505	36.463	5.832	4.071	1610.835	-1.382
1.116	48.505	36.499	5.848	4.063	1613.272	-1.381
1.118	48.493	36.463	5.848	4.071	1619.365	-1.378
1.119	48.493	36.493	5.857	4.071	1607.180	-1.383
1.121	48.499	36.463	5.857	4.055	1598.651	-1.393
1.122	48.505	36.493	5.848	4.063	1607.180	-1.382
1.124	48.493	36.469	5.857	4.055	1609.617	-1.378
1.125	48.493	36.481	5.865	4.063	1605.961	-1.381
1.127	48.487	36.511	5.873	4.071	1604.743	-1.382
1.128	48.493	36.493	5.873	4.071	1608.398	-1.381
1.130	48.505	36.481	5.889	4.063	1613.272	-1.379
1.131	48.487	36.487	5.881	4.071	1616.928	-1.382
1.133	48.481	36.463	5.873	4.071	1619.365	-1.379
1.135	48.481	36.475	5.881	4.055	1614.491	-1.383
1.136	48.481	36.475	5.897	4.071	1614.491	-1.382
1.138	48.487	36.487	5.881	4.071	1614.491	-1.379
1.139	48.475	36.475	5.897	4.063	1602.306	-1.387
1.141	48.475	36.505	5.906	4.071	1603.525	-1.385
1.142	48.475	36.475	5.922	4.071	1609.617	-1.377
1.144	48.475	36.499	5.906	4.071	1596.214	-1.379
1.145	48.469	36.536	5.914	4.071	1594.995	-1.384
1.147	48.469	36.505	5.922	4.079	1602.306	-1.382
1.149	48.463	36.530	5.922	4.063	1610.835	-1.381
1.150	48.457	36.487	5.914	4.063	1608.398	-1.384
1.152	48.463	36.524	5.930	4.071	1613.272	-1.383
1.153	48.457	36.487	5.938	4.071	1618.146	-1.381
1.155	48.451	36.524	5.947	4.071	1610.835	-1.382
1.156	48.463	36.487	5.938	4.071	1614.491	-1.379
1.158	48.463	36.511	5.938	4.063	1597.432	-1.390
1.159	48.475	36.487	5.930	4.079	1601.088	-1.387
1.161	48.469	36.524	5.938	4.071	1612.054	-1.379
1.162	48.463	36.499	5.947	4.063	1603.525	-1.382
1.164	48.457	36.518	5.947	4.071	1607.180	-1.382
1.166	48.475	36.499	5.963	4.063	1613.272	-1.381
1.167	48.463	36.499	5.971	4.079	1619.365	-1.379
1.169	48.463	36.505	5.955	4.071	1620.583	-1.379
1.170	48.463	36.548	5.971	4.079	1608.398	-1.387
1.172	48.457	36.518	5.979	4.071	1612.054	-1.383
1.173	48.451	36.542	5.963	4.063	1609.617	-1.383
1.175	48.457	36.505	5.988	4.079	1610.835	-1.379
1.176	48.457	36.548	5.979	4.079	1603.525	-1.382
1.178	48.451	36.511	5.979	4.063	1602.306	-1.383
1.180	48.463	36.548	5.996	4.071	1598.651	-1.379
1.181	48.463	36.518	6.012	4.063	1593.777	-1.385
1.183	48.451	36.542	5.996	4.079	1599.869	-1.383
1.184	48.451	36.518	5.996	4.071	1604.743	-1.383
1.186	48.463	36.548	6.004	4.063	1613.272	-1.381
1.187	48.445	36.511	6.020	4.071	1618.146	-1.379
1.189	48.457	36.548	6.004	4.079	1609.617	-1.385
1.190	48.457	36.518	6.012	4.071	1609.617	-1.384
1.192	48.451	36.536	6.012	4.079	1613.272	-1.381
1.193	48.457	36.524	6.020	4.071	1602.306	-1.385
1.195	48.457	36.524	6.029	4.071	1597.432	-1.388
1.197	48.457	36.524	6.029	4.079	1608.398	-1.382
1.198	48.457	36.524	6.029	4.071	1605.961	-1.378
1.200	48.463	36.530	6.037	4.071	1607.180	-1.379
1.201	48.463	36.518	6.029	4.071	1609.617	-1.382
1.203	48.451	36.530	6.045	4.063	1615.709	-1.382
1.204	48.451	36.524	6.037	4.071	1620.583	-1.379
1.206	48.457	36.554	6.037	4.079	1618.146	-1.379
1.207	48.445	36.524	6.053	4.079	1615.709	-1.381
1.209	48.438	36.554	6.053	4.063	1607.180	-1.383
1.211	48.451	36.536	6.053	4.079	1609.617	-1.381
1.212	48.445	36.560	6.069	4.079	1610.835	-1.379
1.214	48.438	36.548	6.069	4.071	1597.432	-1.388
1.215	48.438	36.566	6.069	4.071	1597.432	-1.385
1.217	48.445	36.524	6.078	4.079	1602.306	-1.378
1.218	48.438	36.566	6.061	4.071	1602.306	-1.381
1.220	48.438	36.524	6.078	4.071	1604.743	-1.381
1.221	48.438	36.560	6.078	4.071	1608.398	-1.381
1.223	48.426	36.536	6.069	4.079	1613.272	-1.381
1.224	48.432	36.548	6.086	4.095	1609.617	-1.384
1.226	48.432	36.536	6.086	4.079	1612.054	-1.379
1.228	48.420	36.548	6.094	4.071	1604.743	-1.383
1.229	48.432	36.536	6.102	4.071	1610.835	-1.382
1.231	48.426	36.542	6.094	4.095	1607.180	-1.378
1.232	48.420	36.560	6.119	4.079	1602.306	-1.387
1.234	48.420	36.548	6.094	4.071	1594.995	-1.388
1.235	48.408	36.560	6.110	4.079	1612.054	-1.377
1.237	48.414	36.530	6.110	4.071	1608.398	-1.383
1.238	48.408	36.554	6.127	4.079	1614.491	-1.381
1.240	48.414	36.536	6.119	4.095	1623.020	-1.378
1.242	48.408	36.572	6.127	4.071	1624.239	-1.376
1.243	48.420	36.548	6.119	4.071	1613.272	-1.381
1.245	48.414	36.572	6.127	4.079	1609.617	-1.383
1.246	48.414	36.530	6.127	4.079	1607.180	-1.384
1.248	48.408	36.566	6.135	4.071	1605.961	-1.381
1.249	48.408	36.542	6.143	4.087	1605.961	-1.378
1.251	48.408	36.572	6.151	4.087	1596.214	-1.383
1.252	48.408	36.536	6.143	4.079	1596.214	-1.387
1.254	48.414	36.566	6.151	4.071	1603.525	-1.379
1.255	48.408	36.542	6.143	4.087	1607.180	-1.381
1.257	48.408	36.560	6.143	4.079	1603.525	-1.387
1.259	48.408	36.548	6.151	4.071	1614.491	-1.382
1.260	48.414	36.548	6.160	4.104	1629.113	-1.371
1.262	48.414	36.554	6.160	4.079	1615.709	-1.376
1.263	48.396	36.560	6.168	4.079	1610.835	-1.381
1.265	48.414	36.560	6.168	4.087	1604.743	-1.383
1.266	48.402	36.554	6.184	4.079	1605.961	-1.382
1.268	48.402	36.566	6.176	4.087	1603.525	-1.379
1.269	48.396	36.554	6.176	4.079	1592.558	-1.390
1.271	48.402	36.578	6.192	4.071	1599.869	-1.384
1.273	48.408	36.554	6.192	4.071	1618.146	-1.376
1.274	48.402	36.578	6.184	4.071	1618.146	-1.378
1.276	48.402	36.536	6.184	4.095	1620.583	-1.382
1.277	48.402	36.578	6.192	4.079	1612.054	-1.385
1.279	48.408	36.542	6.192	4.095	1615.709	-1.379
1.280	48.402	36.572	6.201	4.079	1613.272	-1.382
1.282	48.402	36.542	6.209	4.079	1609.617	-1.382
1.283	48.402	36.572	6.217	4.095	1604.743	-1.385
1.285	48.402	36.560	6.217	4.087	1604.743	-1.382
1.286	48.408	36.566	6.209	4.079	1607.180	-1.378
1.288	48.414	36.542	6.201	4.087	1596.214	-1.383
1.290	48.402	36.560	6.217	4.079	1594.995	-1.385
1.291	48.402	36.548	6.225	4.079	1608.398	-1.381
1.293	48.396	36.554	6.217	4.079	1609.617	-1.382
1.294	48.396	36.566	6.225	4.087	1613.272	-1.383
1.296	48.402	36.548	6.225	4.079	1614.491	-1.383
1.297	48.390	36.566	6.233	4.095	1612.054	-1.383
1.299	48.396	36.548	6.233	4.071	1610.835	-1.381
1.300	48.402	36.591	6.233	4.079	1607.180	-1.382
1.302	48.396	36.548	6.233	4.079	1601.088	-1.383
1.304	48.390	36.578	6.241	4.079	1602.306	-1.382
1.305	48.384	36.542	6.258	4.063	1599.869	-1.384
1.307	48.396	36.591	6.250	4.079	1596.214	-1.393
1.308	48.384	36.542	6.250	4.071	1608.398	-1.383
1.310	48.384	36.578	6.258	4.087	1619.365	-1.375
1.311	48.390	36.548	6.258	4.095	1619.365	-1.381
1.313	48.378	36.560	6.266	4.071	1616.928	-1.383
1.314	48.378	36.554	6.258	4.087	1613.272	-1.384
1.316	48.378	36.560	6.258	4.095	1616.928	-1.381
1.317	48.371	36.560	6.258	4.087	1608.398	-1.379
1.319	48.359	36.560	6.282	4.087	1608.398	-1.382
1.321	48.371	36.566	6.282	4.079	1601.088	-1.387
1.322	48.371	36.542	6.282	4.071	1601.088	-1.383
1.324	48.359	36.566	6.274	4.079	1602.306	-1.381
1.325	48.365	36.536	6.291	4.087	1592.558	-1.387
1.327	48.353	36.572	6.299	4.087	1598.651	-1.389
1.328	48.353	36.542	6.315	4.079	1614.491	-1.378
1.330	48.371	36.572	6.299	4.087	1613.272	-1.381
1.331	48.371	36.524	6.291	4.079	1604.743	-1.393
1.333	48.359	36.566	6.307	4.079	1609.617	-1.384
1.335	48.365	36.530	6.299	4.095	1612.054	-1.381
1.336	48.371	36.560	6.299	4.087	1607.180	-1.383
1.338	48.365	36.536	6.315	4.087	1603.525	-1.382
1.339	48.365	36.542	6.315	4.087	1599.869	-1.385
1.341	48.371	36.530	6.307	4.095	1598.651	-1.384
1.342	48.371	36.548	6.315	4.087	1604.743	-1.381
1.344	48.359	36.536	6.332	4.095	1605.961	-1.384
1.345	48.365	36.524	6.323	4.079	1607.180	-1.385
1.347	48.359	36.542	6.323	4.087	1621.802	-1.379
1.348	48.359	36.524	6.332	4.095	1619.365	-1.381
1.350	48.359	36.548	6.332	4.087	1612.054	-1.383
1.352	48.365	36.524	6.348	4.087	1613.272	-1.382
1.353	48.359	36.554	6.332	4.095	1609.617	-1.382
1.355	48.365	36.518	6.332	4.087	1608.398	-1.382
1.356	48.359	36.542	6.340	4.095	1607.180	-1.379
1.358	48.353	36.518	6.348	4.087	1599.869	-1.384
1.359	48.359	36.554	6.348	4.087	1592.558	-1.385
1.361	48.359	36.530	6.340	4.087	1603.525	-1.381
1.362	48.353	36.530	6.356	4.079	1596.214	-1.388
1.364	48.353	36.505	6.356	4.079	1599.869	-1.390
1.366	48.353	36.530	6.364	4.087	1616.928	-1.382
1.367	48.359	36.518	6.364	4.087	1619.365	-1.381
1.369	48.359	36.524	6.373	4.087	1610.835	-1.384
1.370	48.359	36.518	6.364	4.087	1608.398	-1.385
1.372	48.359	36.518	6.373	4.079	1609.617	-1.379
1.373	48.359	36.524	6.381	4.095	1605.961	-1.382
1.375	48.359	36.518	6.389	4.087	1599.869	-1.385
1.376	48.359	36.542	6.381	4.095	1601.088	-1.383
1.378	48.347	36.505	6.381	4.087	1604.743	-1.383
1.379	48.353	36.536	6.381	4.079	1605.961	-1.385
1.381	48.347	36.499	6.381	4.087	1609.617	-1.388
1.383	48.347	36.530	6.405	4.095	1613.272	-1.387
1.384	48.347	36.493	6.389	4.095	1621.802	-1.379
1.386	48.347	36.536	6.405	4.095	1620.583	-1.378
1.387	48.347	36.487	6.397	4.095	1608.398	-1.385
1.389	48.341	36.511	6.405	4.087	1608.398	-1.383
1.390	48.341	36.493	6.413	4.095	1609.617	-1.382
1.392	48.341	36.505	6.397	4.095	1607.180	-1.381
1.393	48.341	36.493	6.413	4.095	1604.743	-1.382
1.395	48.341	36.493	6.413	4.079	1593.777	-1.387
1.397	48.329	36.499	6.422	4.095	1597.432	-1.383
1.398	48.329	36.481	6.405	4.079	1607.180	-1.381
1.400	48.335	36.511	6.413	4.087	1599.869	-1.390
1.401	48.323	36.481	6.430	4.095	1612.054	-1.387
1.403	48.323	36.511	6.430	4.104	1636.424	-1.371
1.404	48.329	36.469	6.438	4.087	1614.491	-1.382
1.406	48.323	36.511	6.430	4.087	1613.272	-1.381
1.407	48.317	36.463	6.438	4.095	1608.398	-1.382
1.409	48.311	36.511	6.446	4.095	1607.180	-1.384
1.410	48.311	36.475	6.446	4.104	1603.525	-1.381
1.412	48.317	36.481	6.438	4.095	1598.651	-1.383
1.414	48.311	36.463	6.438	4.087	1601.088	-1.384
1.415	48.311	36.469	6.446	4.087	1609.617	-1.383
1.417	48.311	36.463	6.446	4.087	1614.491	-1.383
1.418	48.317	36.457	6.446	4.087	1613.272	-1.385
1.420	48.323	36.469	6.471	4.087	1610.835	-1.388
1.421	48.323	36.451	6.471	4.095	1619.365	-1.377
1.423	48.317	36.475	6.454	4.087	1614.491	-1.381
1.424	48.305	36.451	6.471	4.095	1605.961	-1.385
1.426	48.317	36.481	6.471	4.087	1605.961	-1.383
1.428	48.323	36.445	6.471	4.087	1607.180	-1.381
1.429	48.311	36.469	6.479	4.095	1602.306	-1.382
1.431	48.317	36.426	6.471	4.095	1602.306	-1.382
1.432	48.311	36.408	6.487	4.095	1593.777	-1.384
1.434	48.317	36.402	6.487	4.095	1599.869	-1.382
1.435	48.311	36.445	6.487	4.104	1613.272	-1.378
1.437	48.317	36.402	6.504	4.095	1605.961	-1.388
1.438	48.311	36.469	6.487	4.095	1616.928	-1.382
1.440	48.311	36.451	6.495	4.095	1616.928	-1.379
1.441	48.311	36.505	6.487	4.079	1614.491	-1.381
1.443	48.305	36.554	6.495	4.104	1605.961	-1.383
