Time (ms)	Ch1 V	Ch2 V	Ch1 A	Ch2 A	RPM	Torque
0.000	43.391	3.014	1.171	0.352	155.966	-0.416
0.002	49.017	3.008	1.220	0.344	155.966	-0.416
0.003	49.644	3.008	1.261	0.352	158.403	-0.421
0.005	49.699	3.008	1.302	0.336	155.966	-0.421
0.006	49.699	3.014	1.343	0.336	160.840	-0.416
0.008	49.693	3.014	1.376	0.336	155.966	-0.417
0.009	49.699	3.008	1.433	0.336	154.747	-0.421
0.011	49.674	3.008	1.466	0.336	157.184	-0.424
0.012	49.668	3.014	1.491	0.336	159.621	-0.416
0.014	49.668	3.014	1.532	0.344	154.747	-0.417
0.015	49.656	3.002	1.564	0.352	154.747	-0.420
0.017	49.644	3.014	1.597	0.352	155.966	-0.419
0.019	49.638	3.020	1.630	0.336	157.184	-0.420
0.020	49.632	3.014	1.663	0.344	157.184	-0.420
0.022	49.626	3.026	1.704	0.336	155.966	-0.417
0.023	49.620	3.026	1.736	0.328	152.310	-0.424
0.025	49.626	3.026	1.761	0.336	154.747	-0.422
0.026	49.601	3.014	1.786	0.352	153.529	-0.419
0.028	49.607	3.020	1.818	0.344	157.184	-0.416
0.029	49.601	3.020	1.859	0.352	154.747	-0.420
0.031	49.589	3.020	1.876	0.344	152.310	-0.426
0.033	49.589	3.026	1.917	0.344	155.966	-0.420
0.034	49.583	3.026	1.941	0.344	158.403	-0.417
0.036	49.589	3.020	1.974	0.328	153.529	-0.420
0.037	49.583	3.020	1.990	0.344	148.655	-0.422
0.039	49.577	3.026	2.031	0.336	152.310	-0.421
0.040	49.571	3.026	2.048	0.344	153.529	-0.420
0.042	49.559	3.032	2.097	0.352	153.529	-0.419
0.043	49.559	3.026	2.113	0.336	153.529	-0.421
0.045	49.540	3.026	2.138	0.352	151.092	-0.422
0.046	49.547	3.032	2.179	0.336	152.310	-0.421
0.048	49.528	3.026	2.195	0.344	157.184	-0.416
0.050	23.866	2.989	2.162	0.344	205.924	-0.416
0.051	2.581	3.032	2.171	0.328	154.747	-0.426
0.053	0.061	3.038	2.162	0.344	151.092	-0.421
0.054	-0.244	3.038	2.154	0.352	160.840	-0.421
0.056	-0.292	3.032	2.146	0.344	152.310	-0.421
0.057	-0.304	3.026	2.138	0.336	149.873	-0.422
0.059	-0.304	3.038	2.121	0.344	152.310	-0.421
0.060	-0.298	3.032	2.105	0.336	151.092	-0.419
0.062	-0.298	3.038	2.097	0.344	152.310	-0.419
0.064	-0.292	3.032	2.080	0.352	148.655	-0.420
0.065	-0.298	3.026	2.080	0.344	147.437	-0.421
0.067	-0.286	3.038	2.064	0.344	147.437	-0.421
0.068	-0.292	3.032	2.056	0.328	151.092	-0.417
0.070	-0.286	3.032	2.056	0.352	148.655	-0.419
0.071	-0.292	3.038	2.056	0.344	145.000	-0.425
0.073	-0.292	3.038	2.031	0.336	146.218	-0.426
0.074	-0.292	3.032	2.040	0.344	152.310	-0.417
0.076	-0.286	3.032	2.040	0.344	151.092	-0.416
0.077	-0.286	3.038	2.015	0.352	148.655	-0.420
0.079	-0.286	3.044	2.015	0.336	141.344	-0.425
0.081	-0.286	3.038	2.007	0.344	146.218	-0.421
0.082	-0.286	3.032	1.999	0.352	151.092	-0.415
0.084	-0.286	3.032	1.990	0.344	143.781	-0.419
0.085	-0.280	3.032	1.999	0.352	145.000	-0.421
0.087	-0.274	3.032	1.990	0.344	143.781	-0.420
0.088	-0.280	3.026	1.966	0.336	142.563	-0.421
0.090	-0.274	3.032	1.982	0.344	147.437	-0.417
0.091	-0.280	3.032	1.966	0.344	143.781	-0.419
0.093	-0.268	3.032	1.966	0.344	142.563	-0.424
0.095	-0.274	3.038	1.958	0.344	146.218	-0.425
0.096	-0.274	3.026	1.949	0.360	147.437	-0.415
0.098	-0.262	3.032	1.941	0.344	143.781	-0.416
0.099	-0.268	3.038	1.941	0.352	140.126	-0.424
0.101	-0.274	3.038	1.941	0.336	145.000	-0.419
0.102	-0.274	3.032	1.925	0.352	143.781	-0.419
0.104	-0.280	3.026	1.933	0.344	146.218	-0.416
0.105	-0.268	3.038	1.917	0.352	141.344	-0.419
0.107	-0.274	3.038	1.925	0.352	141.344	-0.422
0.108	-0.268	3.032	1.917	0.352	141.344	-0.424
0.110	-0.262	3.026	1.900	0.344	142.563	-0.419
0.112	-0.274	3.032	1.900	0.352	145.000	-0.415
0.113	-0.268	3.032	1.900	0.352	141.344	-0.421
0.115	-0.262	3.044	1.884	0.344	137.689	-0.426
0.116	-0.262	3.038	1.892	0.344	143.781	-0.420
0.118	-0.262	3.032	1.884	0.344	146.218	-0.415
0.119	-0.256	3.038	1.892	0.344	140.126	-0.420
0.121	-0.256	3.038	1.876	0.344	138.907	-0.422
0.122	-0.262	3.038	1.868	0.344	140.126	-0.421
0.124	-0.262	3.038	1.868	0.344	141.344	-0.420
0.126	-0.262	3.032	1.868	0.352	141.344	-0.417
0.127	-0.262	3.038	1.851	0.352	142.563	-0.420
0.129	-0.268	3.044	1.859	0.344	140.126	-0.421
0.130	-0.256	3.044	1.843	0.344	136.470	-0.421
0.132	-0.250	3.026	1.851	0.344	145.000	-0.416
0.133	-0.256	3.032	1.835	0.352	141.344	-0.415
0.135	-0.256	3.038	1.843	0.336	135.252	-0.424
0.136	-0.250	3.038	1.827	0.336	140.126	-0.422
0.138	-0.262	3.050	1.835	0.336	142.563	-0.415
0.139	-0.256	3.032	1.818	0.344	137.689	-0.417
0.141	-0.244	3.038	1.818	0.352	135.252	-0.420
0.143	-0.250	3.038	1.810	0.344	137.689	-0.421
0.144	-0.244	3.044	1.818	0.344	134.033	-0.424
0.146	-0.244	3.044	1.810	0.336	140.126	-0.419
0.147	-0.250	3.032	1.810	0.352	138.907	-0.416
0.149	-0.256	3.056	1.810	0.336	136.470	-0.422
0.150	-0.250	3.050	1.802	0.352	135.252	-0.420
0.152	-0.250	3.044	1.802	0.344	136.470	-0.420
0.153	-0.244	3.050	1.794	0.352	142.563	-0.419
0.155	-0.244	3.050	1.794	0.352	148.655	-0.419
0.157	-0.250	3.050	1.777	0.344	149.873	-0.424
0.158	-0.256	3.044	1.786	0.360	164.495	-0.420
0.160	-0.237	3.050	1.777	0.344	166.932	-0.419
0.161	-0.244	3.050	1.777	0.344	166.932	-0.419
0.163	-0.250	3.056	1.769	0.344	163.277	-0.424
0.164	-0.244	3.056	1.761	0.352	166.932	-0.420
0.166	-0.250	3.050	1.769	0.344	168.151	-0.419
0.167	-0.244	3.050	1.761	0.352	163.277	-0.422
0.169	-0.244	3.050	1.753	0.352	165.714	-0.419
0.170	-0.231	3.050	1.761	0.344	162.058	-0.417
0.172	-0.237	3.068	1.753	0.336	163.277	-0.420
0.174	-0.237	3.050	1.753	0.352	165.714	-0.420
0.175	-0.244	3.056	1.728	0.352	163.277	-0.415
0.177	-0.237	3.050	1.736	0.352	163.277	-0.420
0.178	-0.237	3.062	1.736	0.344	162.058	-0.424
0.180	-0.231	3.056	1.736	0.344	163.277	-0.415
0.181	-0.237	3.062	1.745	0.344	160.840	-0.421
0.183	-0.237	3.056	1.720	0.344	157.184	-0.420
0.184	-0.231	3.050	1.720	0.352	162.058	-0.421
0.186	-0.237	3.056	1.720	0.336	164.495	-0.420
0.188	-0.237	3.056	1.712	0.360	162.058	-0.417
0.189	-0.237	3.056	1.704	0.352	162.058	-0.419
0.191	-0.231	3.056	1.712	0.360	160.840	-0.421
0.192	-0.237	3.062	1.704	0.344	165.714	-0.417
0.194	-0.237	3.062	1.704	0.344	159.621	-0.417
0.195	-0.244	3.062	1.696	0.352	162.058	-0.416
0.197	-0.237	3.056	1.704	0.352	162.058	-0.416
0.198	-0.225	3.056	1.679	0.352	153.529	-0.425
0.200	-0.237	3.056	1.696	0.344	160.840	-0.420
0.201	-0.231	3.062	1.679	0.344	163.277	-0.414
0.203	-0.237	3.056	1.671	0.344	153.529	-0.419
0.205	-0.225	3.056	1.679	0.352	155.966	-0.421
0.206	-0.231	3.056	1.671	0.344	158.403	-0.421
0.208	-0.231	3.068	1.671	0.352	162.058	-0.419
0.209	-0.231	3.056	1.671	0.344	159.621	-0.419
0.211	-0.225	3.062	1.655	0.344	158.403	-0.417
0.212	-0.231	3.062	1.655	0.352	155.966	-0.416
0.214	-0.225	3.062	1.663	0.352	157.184	-0.416
0.215	-0.225	3.068	1.655	0.352	160.840	-0.416
0.217	-0.231	3.062	1.646	0.344	154.747	-0.417
0.219	-0.225	3.075	1.646	0.344	152.310	-0.422
0.220	-0.231	3.056	1.646	0.352	154.747	-0.421
0.222	-0.225	3.062	1.646	0.344	155.966	-0.417
0.223	-0.225	3.062	1.638	0.352	159.621	-0.416
0.225	-0.225	3.062	1.638	0.336	152.310	-0.420
0.226	-0.225	3.068	1.630	0.352	153.529	-0.420
0.228	-0.225	3.062	1.630	0.352	155.966	-0.421
0.229	-0.225	3.068	1.630	0.344	160.840	-0.417
0.231	-0.219	3.062	1.622	0.344	155.966	-0.417
0.232	-0.219	3.075	1.622	0.352	153.529	-0.419
0.234	-0.225	3.068	1.614	0.344	155.966	-0.417
0.236	-0.225	3.081	1.605	0.360	152.310	-0.417
0.237	-0.219	3.075	1.605	0.352	157.184	-0.417
0.239	-0.225	3.068	1.614	0.344	153.529	-0.416
0.240	-0.219	3.075	1.597	0.336	146.218	-0.425
0.242	-0.219	3.075	1.605	0.336	154.747	-0.421
0.243	-0.219	3.062	1.597	0.352	154.747	-0.414
0.245	-0.219	3.075	1.605	0.344	152.310	-0.415
0.246	-0.219	3.075	1.597	0.336	149.873	-0.424
0.248	-0.225	3.068	1.589	0.344	153.529	-0.417
0.250	-0.219	3.068	1.597	0.352	154.747	-0.416
0.251	-0.213	3.075	1.573	0.352	154.747	-0.419
0.253	-0.207	3.081	1.573	0.360	154.747	-0.416
0.254	-0.213	3.081	1.573	0.352	148.655	-0.421
0.256	-0.207	3.075	1.564	0.344	146.218	-0.422
0.257	-0.207	3.068	1.556	0.336	152.310	-0.416
0.259	-0.213	3.081	1.564	0.352	151.092	-0.415
0.260	-0.201	3.068	1.556	0.344	149.873	-0.420
0.262	-0.207	3.075	1.548	0.344	146.218	-0.426
0.263	-0.213	3.081	1.548	0.344	147.437	-0.419
0.265	-0.213	3.075	1.556	0.344	155.966	-0.413
0.267	-0.219	3.081	1.548	0.336	146.218	-0.419
0.268	-0.213	3.081	1.548	0.352	145.000	-0.422
0.270	-0.219	3.075	1.540	0.352	151.092	-0.420
0.271	-0.213	3.081	1.532	0.352	149.873	-0.417
0.273	-0.219	3.081	1.540	0.344	152.310	-0.417
0.274	-0.213	3.081	1.540	0.352	147.437	-0.420
0.276	-0.207	3.081	1.540	0.352	146.218	-0.417
0.277	-0.207	3.075	1.524	0.352	146.218	-0.421
0.279	-0.201	3.081	1.532	0.352	151.092	-0.416
0.281	-0.195	3.075	1.524	0.344	148.655	-0.420
0.282	-0.201	3.075	1.524	0.352	141.344	-0.425
0.284	-0.207	3.087	1.507	0.352	147.437	-0.421
0.285	-0.213	3.081	1.515	0.352	152.310	-0.414
0.287	-0.207	3.075	1.515	0.344	146.218	-0.416
0.288	-0.213	3.081	1.507	0.352	147.437	-0.420
0.290	-0.213	3.087	1.507	0.344	141.344	-0.422
0.291	-0.207	3.093	1.499	0.336	146.218	-0.421
0.293	-0.201	3.087	1.507	0.344	145.000	-0.416
0.294	-0.201	3.081	1.499	0.352	143.781	-0.419
0.296	-0.201	3.075	1.499	0.352	146.218	-0.421
0.298	-0.207	3.087	1.499	0.352	143.781	-0.420
0.299	-0.207	3.087	1.491	0.344	145.000	-0.419
0.301	-0.207	3.081	1.491	0.344	147.437	-0.420
0.302	-0.201	3.075	1.483	0.352	143.781	-0.419
0.304	-0.201	3.087	1.474	0.352	141.344	-0.424
0.305	-0.201	3.087	1.483	0.352	146.218	-0.420
0.307	-0.195	3.093	1.483	0.352	148.655	-0.410
0.308	-0.201	3.093	1.466	0.344	138.907	-0.417
0.310	-0.207	3.081	1.466	0.352	140.126	-0.424
0.312	-0.207	3.087	1.458	0.344	140.126	-0.424
0.313	-0.195	3.093	1.474	0.344	143.781	-0.417
0.315	-0.201	3.093	1.466	0.344	143.781	-0.417
0.316	-0.207	3.081	1.450	0.352	142.563	-0.415
0.318	-0.183	3.087	1.450	0.352	142.563	-0.420
0.319	-0.195	3.087	1.450	0.336	142.563	-0.422
0.321	-0.195	3.099	1.442	0.344	141.344	-0.417
0.322	-0.195	3.093	1.433	0.344	145.000	-0.414
0.324	-0.201	3.093	1.433	0.344	141.344	-0.419
0.325	-0.195	3.081	1.442	0.352	138.907	-0.421
0.327	-0.201	3.093	1.442	0.352	140.126	-0.419
0.329	-0.195	3.087	1.433	0.344	140.126	-0.415
0.330	-0.189	3.093	1.425	0.344	136.470	-0.417
0.332	-0.201	3.087	1.433	0.344	136.470	-0.421
0.333	-0.183	3.087	1.433	0.352	140.126	-0.422
0.335	-0.195	3.087	1.417	0.352	140.126	-0.417
0.336	-0.189	3.087	1.417	0.352	140.126	-0.421
0.338	-0.189	3.081	1.425	0.377	142.563	-0.417
0.339	-0.195	3.081	1.409	0.352	137.689	-0.419
0.341	-0.183	3.081	1.409	0.344	140.126	-0.422
0.343	-0.189	3.087	1.409	0.344	143.781	-0.415
0.344	-0.189	3.087	1.409	0.352	138.907	-0.416
0.346	-0.189	3.087	1.401	0.344	132.815	-0.426
0.347	-0.189	3.075	1.401	0.352	137.689	-0.422
0.349	-0.183	3.087	1.392	0.352	140.126	-0.415
0.350	-0.183	3.087	1.392	0.344	135.252	-0.419
0.352	-0.189	3.087	1.376	0.352	135.252	-0.421
0.353	-0.189	3.081	1.368	0.352	136.470	-0.419
0.355	-0.189	3.087	1.384	0.344	135.252	-0.424
0.356	-0.195	3.081	1.384	0.344	140.126	-0.416
0.358	-0.183	3.087	1.376	0.352	138.907	-0.417
0.360	-0.189	3.087	1.368	0.352	137.689	-0.414
0.361	-0.183	3.087	1.368	0.336	135.252	-0.416
0.363	-0.189	3.081	1.368	0.344	137.689	-0.420
0.364	-0.189	3.093	1.376	0.328	145.000	-0.420
0.366	-0.189	3.093	1.360	0.344	152.310	-0.420
0.367	-0.189	3.093	1.368	0.344	158.403	-0.424
0.369	-0.177	3.087	1.360	0.344	173.025	-0.416
0.370	-0.183	3.087	1.360	0.344	166.932	-0.415
0.372	-0.195	3.093	1.360	0.352	163.277	-0.421
0.374	-0.177	3.093	1.352	0.352	164.495	-0.421
0.375	-0.183	3.087	1.352	0.344	163.277	-0.416
0.377	-0.183	3.093	1.352	0.352	160.840	-0.421
0.378	-0.177	3.093	1.335	0.352	160.840	-0.420
0.380	-0.170	3.087	1.343	0.352	157.184	-0.416
0.381	-0.170	3.087	1.335	0.352	162.058	-0.420
0.383	-0.170	3.087	1.327	0.344	163.277	-0.421
0.384	-0.183	3.093	1.335	0.352	162.058	-0.416
0.386	-0.183	3.093	1.327	0.344	159.621	-0.420
0.387	-0.177	3.087	1.327	0.360	157.184	-0.421
0.389	-0.177	3.087	1.327	0.344	160.840	-0.421
0.391	-0.177	3.075	1.319	0.352	164.495	-0.416
0.392	-0.170	3.093	1.311	0.344	159.621	-0.416
0.394	-0.177	3.093	1.311	0.352	152.310	-0.422
0.395	-0.183	3.093	1.311	0.336	158.403	-0.420
0.397	-0.177	3.093	1.302	0.336	159.621	-0.417
0.398	-0.183	3.087	1.311	0.352	157.184	-0.419
0.400	-0.170	3.093	1.294	0.360	158.403	-0.421
0.401	-0.177	3.087	1.294	0.352	158.403	-0.420
0.403	-0.177	3.087	1.294	0.352	158.403	-0.420
0.405	-0.183	3.093	1.302	0.352	160.840	-0.421
0.406	-0.177	3.081	1.294	0.352	159.621	-0.414
0.408	-0.170	3.093	1.294	0.352	154.747	-0.420
0.409	-0.170	3.087	1.278	0.344	157.184	-0.425
0.411	-0.177	3.093	1.294	0.360	157.184	-0.415
0.412	-0.177	3.105	1.286	0.360	158.403	-0.415
0.414	-0.177	3.093	1.278	0.352	153.529	-0.421
0.415	-0.170	3.099	1.270	0.360	149.873	-0.420
0.417	-0.183	3.087	1.286	0.344	154.747	-0.421
0.418	-0.177	3.093	1.270	0.352	158.403	-0.420
0.420	-0.177	3.093	1.253	0.352	157.184	-0.417
0.422	-0.170	3.087	1.270	0.352	154.747	-0.421
0.423	-0.170	3.093	1.261	0.360	154.747	-0.420
0.425	-0.177	3.093	1.261	0.369	155.966	-0.419
0.426	-0.170	3.099	1.261	0.352	158.403	-0.416
0.428	-0.170	3.093	1.245	0.352	154.747	-0.415
0.429	-0.170	3.087	1.253	0.360	147.437	-0.426
0.431	-0.164	3.099	1.253	0.352	152.310	-0.424
0.432	-0.164	3.093	1.245	0.352	157.184	-0.415
0.434	-0.164	3.093	1.245	0.344	151.092	-0.420
0.436	-0.164	3.099	1.237	0.352	149.873	-0.420
0.437	-0.164	3.099	1.237	0.352	148.655	-0.422
0.439	-0.170	3.087	1.245	0.344	151.092	-0.421
0.440	-0.164	3.087	1.237	0.352	160.840	-0.417
0.442	-0.164	3.093	1.237	0.352	152.310	-0.421
0.443	-0.158	3.099	1.229	0.344	149.873	-0.421
0.445	-0.170	3.093	1.229	0.344	152.310	-0.420
0.446	-0.170	3.093	1.220	0.352	148.655	-0.417
0.448	-0.164	3.093	1.237	0.352	152.310	-0.419
0.449	-0.170	3.093	1.220	0.352	147.437	-0.421
0.451	-0.158	3.093	1.220	0.352	158.403	-0.410
0.453	-0.164	3.093	1.212	0.352	158.403	-0.416
0.454	-0.170	3.087	1.212	0.360	154.747	-0.413
0.456	-0.164	3.087	1.212	0.352	147.437	-0.420
0.457	-0.164	3.093	1.196	0.352	145.000	-0.420
0.459	-0.170	3.093	1.212	0.352	145.000	-0.419
0.460	-0.164	3.093	1.188	0.344	149.873	-0.420
0.462	-0.152	3.087	1.196	0.360	148.655	-0.416
0.463	-0.164	3.087	1.196	0.344	151.092	-0.417
0.465	-0.164	3.093	1.204	0.352	145.000	-0.420
0.467	-0.158	3.087	1.188	0.360	151.092	-0.419
0.468	-0.152	3.087	1.179	0.352	151.092	-0.416
0.470	-0.158	3.087	1.179	0.352	148.655	-0.413
0.471	-0.152	3.087	1.179	0.344	148.655	-0.416
0.473	-0.158	3.093	1.179	0.336	145.000	-0.424
0.474	-0.164	3.099	1.179	0.336	149.873	-0.416
0.476	-0.164	3.075	1.179	0.352	151.092	-0.414
0.477	-0.164	3.081	1.171	0.336	140.126	-0.420
0.479	-0.152	3.087	1.179	0.352	146.218	-0.420
0.480	-0.152	3.087	1.171	0.344	145.000	-0.420
0.482	-0.164	3.087	1.171	0.352	146.218	-0.414
0.484	-0.158	3.093	1.163	0.352	147.437	-0.417
0.485	-0.158	3.087	1.163	0.344	146.218	-0.417
0.487	-0.158	3.093	1.155	0.344	145.000	-0.419
0.488	-0.158	3.087	1.163	0.344	142.563	-0.417
0.490	-0.164	3.075	1.147	0.352	143.781	-0.414
0.491	-0.164	3.087	1.155	0.352	146.218	-0.415
0.493	-0.152	3.081	1.147	0.360	140.126	-0.421
0.494	-0.152	3.075	1.147	0.352	143.781	-0.420
0.496	-0.158	3.081	1.147	0.344	149.873	-0.413
0.498	-0.152	3.081	1.139	0.344	147.437	-0.413
0.499	28.554	3.099	1.196	0.352	149.873	-0.386
0.501	47.288	3.081	1.204	0.352	140.126	-0.414
0.502	49.461	3.068	1.245	0.352	136.470	-0.419
0.504	49.680	3.068	1.278	0.344	142.563	-0.417
0.505	49.705	3.068	1.327	0.369	145.000	-0.416
0.507	49.687	3.075	1.384	0.344	143.781	-0.416
0.508	49.680	3.081	1.409	0.352	140.126	-0.421
0.510	49.674	3.075	1.442	0.344	146.218	-0.416
0.511	49.662	3.081	1.483	0.352	138.907	-0.416
0.513	49.662	3.075	1.515	0.352	137.689	-0.419
0.515	49.650	3.075	1.556	0.344	137.689	-0.416
0.516	49.632	3.075	1.589	0.352	146.218	-0.414
0.518	49.644	3.075	1.614	0.352	145.000	-0.415
0.519	49.632	3.081	1.655	0.344	136.470	-0.422
0.521	49.632	3.081	1.687	0.352	137.689	-0.426
0.522	49.620	3.068	1.720	0.352	140.126	-0.419
0.524	49.620	3.075	1.745	0.352	140.126	-0.416
0.525	49.620	3.075	1.786	0.360	141.344	-0.415
0.527	49.595	3.081	1.810	0.336	140.126	-0.413
0.529	49.607	3.081	1.859	0.352	138.907	-0.419
0.530	49.583	3.081	1.868	0.352	137.689	-0.417
0.532	49.583	3.081	1.900	0.352	143.781	-0.417
0.533	49.571	3.068	1.933	0.344	136.470	-0.420
0.535	49.577	3.081	1.958	0.344	136.470	-0.419
0.536	49.571	3.075	1.990	0.352	138.907	-0.420
0.538	49.565	3.068	2.015	0.344	137.689	-0.415
0.539	49.559	3.081	2.048	0.352	138.907	-0.416
0.541	49.547	3.081	2.080	0.352	134.033	-0.420
0.542	49.540	3.075	2.105	0.360	136.470	-0.420
0.544	49.547	3.075	2.138	0.352	141.344	-0.417
0.546	49.534	3.075	2.162	0.344	135.252	-0.421
0.547	49.522	3.081	2.187	0.336	141.344	-0.415
0.549	49.516	3.075	2.212	0.344	137.689	-0.417
0.550	10.034	3.075	2.203	0.344	145.000	-0.413
0.552	0.938	3.081	2.195	0.344	151.092	-0.414
0.553	-0.140	3.081	2.171	0.352	153.529	-0.414
0.555	-0.268	3.081	2.154	0.360	162.058	-0.419
0.556	-0.298	3.087	2.146	0.344	166.932	-0.424
0.558	-0.298	3.087	2.130	0.352	174.243	-0.414
0.560	-0.298	3.075	2.113	0.352	175.462	-0.415
0.561	-0.298	3.075	2.105	0.352	164.495	-0.419
0.563	-0.292	3.081	2.113	0.352	164.495	-0.419
0.564	-0.292	3.075	2.080	0.344	165.714	-0.420
0.566	-0.292	3.075	2.089	0.352	164.495	-0.419
0.567	-0.292	3.081	2.080	0.360	165.714	-0.417
0.569	-0.298	3.075	2.072	0.344	165.714	-0.417
0.570	-0.292	3.075	2.056	0.352	159.621	-0.420
0.572	-0.304	3.081	2.048	0.352	162.058	-0.419
0.573	-0.292	3.068	2.040	0.352	166.932	-0.415
0.575	-0.292	3.075	2.040	0.344	163.277	-0.419
0.577	-0.298	3.075	2.031	0.352	160.840	-0.421
0.578	-0.286	3.068	2.015	0.352	164.495	-0.419
0.580	-0.280	3.075	2.015	0.344	164.495	-0.417
0.581	-0.286	3.068	2.023	0.344	160.840	-0.417
0.583	-0.280	3.068	1.990	0.352	159.621	-0.419
0.584	-0.280	3.068	1.999	0.352	160.840	-0.420
0.586	-0.280	3.068	1.999	0.352	162.058	-0.421
0.587	-0.280	3.081	1.982	0.360	160.840	-0.416
0.589	-0.286	3.068	1.990	0.352	164.495	-0.419
0.591	-0.280	3.068	1.974	0.352	163.277	-0.419
0.592	-0.286	3.068	1.958	0.352	158.403	-0.419
0.594	-0.280	3.075	1.966	0.360	163.277	-0.419
0.595	-0.280	3.062	1.966	0.360	158.403	-0.416
0.597	-0.262	3.068	1.949	0.360	157.184	-0.421
0.598	-0.268	3.068	1.958	0.352	155.966	-0.422
0.600	-0.274	3.068	1.941	0.344	162.058	-0.417
0.601	-0.268	3.068	1.933	0.344	160.840	-0.417
0.603	-0.268	3.062	1.933	0.344	155.966	-0.416
0.604	-0.268	3.068	1.925	0.336	155.966	-0.420
0.606	-0.268	3.068	1.933	0.344	158.403	-0.420
0.608	-0.262	3.062	1.925	0.344	154.747	-0.420
0.609	-0.274	3.068	1.917	0.344	158.403	-0.419
0.611	-0.262	3.062	1.917	0.344	155.966	-0.417
0.612	-0.268	3.068	1.908	0.360	157.184	-0.419
0.614	-0.256	3.062	1.908	0.344	155.966	-0.421
0.615	-0.262	3.068	1.900	0.352	155.966	-0.416
0.617	-0.268	3.068	1.892	0.352	157.184	-0.415
0.618	-0.262	3.062	1.884	0.336	155.966	-0.420
0.620	-0.262	3.068	1.884	0.344	157.184	-0.421
0.622	-0.262	3.062	1.892	0.352	157.184	-0.417
0.623	-0.262	3.062	1.876	0.352	155.966	-0.416
0.625	-0.250	3.062	1.859	0.344	152.310	-0.419
0.626	-0.250	3.056	1.868	0.344	154.747	-0.420
0.628	-0.268	3.050	1.868	0.344	159.621	-0.419
0.629	-0.262	3.062	1.859	0.344	152.310	-0.417
0.631	-0.256	3.056	1.859	0.344	157.184	-0.417
0.632	-0.262	3.056	1.859	0.344	153.529	-0.419
0.634	-0.250	3.062	1.851	0.344	153.529	-0.421
0.635	-0.262	3.068	1.843	0.336	157.184	-0.419
0.637	-0.256	3.056	1.843	0.344	155.966	-0.415
0.639	-0.237	3.056	1.843	0.352	153.529	-0.421
0.640	-0.256	3.056	1.827	0.344	151.092	-0.422
0.642	-0.256	3.050	1.827	0.344	154.747	-0.417
0.643	-0.256	3.062	1.818	0.336	159.621	-0.413
0.645	-0.256	3.068	1.810	0.352	147.437	-0.417
0.646	-0.256	3.050	1.818	0.344	149.873	-0.421
0.648	-0.250	3.056	1.818	0.352	153.529	-0.421
0.649	-0.244	3.050	1.810	0.336	151.092	-0.419
0.651	-0.250	3.056	1.802	0.336	154.747	-0.417
0.653	-0.250	3.056	1.818	0.344	149.873	-0.419
0.654	-0.250	3.056	1.802	0.336	149.873	-0.421
0.656	-0.256	3.056	1.794	0.344	152.310	-0.416
0.657	-0.256	3.056	1.786	0.344	152.310	-0.416
0.659	-0.250	3.056	1.777	0.344	152.310	-0.420
0.660	-0.250	3.056	1.777	0.360	143.781	-0.426
0.662	-0.250	3.056	1.777	0.352	149.873	-0.421
0.663	-0.250	3.056	1.777	0.344	159.621	-0.414
0.665	-0.244	3.056	1.761	0.352	149.873	-0.416
0.666	-0.244	3.056	1.769	0.352	145.000	-0.422
0.668	-0.237	3.050	1.769	0.344	146.218	-0.424
0.670	-0.237	3.056	1.761	0.352	147.437	-0.420
0.671	-0.250	3.062	1.753	0.336	149.873	-0.419
0.673	-0.244	3.056	1.753	0.344	149.873	-0.420
0.674	-0.244	3.056	1.753	0.336	147.437	-0.421
0.676	-0.244	3.050	1.745	0.344	146.218	-0.421
0.677	-0.244	3.050	1.745	0.360	149.873	-0.419
0.679	-0.244	3.050	1.745	0.352	147.437	-0.419
0.680	-0.244	3.044	1.728	0.344	146.218	-0.421
0.682	-0.231	3.050	1.728	0.344	140.126	-0.424
0.684	-0.237	3.050	1.728	0.336	148.655	-0.420
0.685	-0.237	3.056	1.720	0.352	153.529	-0.416
0.687	-0.237	3.044	1.728	0.352	142.563	-0.421
0.688	-0.244	3.050	1.712	0.344	143.781	-0.422
0.690	-0.237	3.044	1.712	0.344	143.781	-0.421
0.691	-0.231	3.062	1.712	0.352	147.437	-0.419
0.693	-0.237	3.050	1.704	0.360	146.218	-0.421
0.694	-0.237	3.062	1.712	0.352	142.563	-0.422
0.696	-0.231	3.056	1.704	0.344	145.000	-0.422
0.697	-0.231	3.056	1.687	0.344	145.000	-0.421
0.699	-0.231	3.044	1.704	0.344	143.781	-0.420
0.701	-0.231	3.056	1.687	0.344	149.873	-0.415
0.702	-0.231	3.056	1.696	0.344	140.126	-0.422
0.704	-0.231	3.050	1.679	0.336	143.781	-0.425
0.705	-0.231	3.050	1.687	0.344	146.218	-0.417
0.707	-0.225	3.038	1.671	0.336	142.563	-0.420
0.708	-0.225	3.044	1.679	0.344	141.344	-0.422
0.710	-0.231	3.044	1.671	0.344	143.781	-0.420
0.711	-0.225	3.056	1.655	0.344	140.126	-0.421
0.713	-0.231	3.044	1.663	0.352	142.563	-0.420
0.715	-0.225	3.044	1.663	0.344	141.344	-0.420
0.716	-0.231	3.044	1.646	0.352	143.781	-0.424
0.718	-0.225	3.050	1.663	0.344	140.126	-0.421
0.719	-0.225	3.050	1.655	0.352	140.126	-0.426
0.721	-0.225	3.044	1.655	0.352	143.781	-0.417
0.722	-0.225	3.044	1.646	0.352	141.344	-0.421
0.724	-0.225	3.044	1.630	0.344	137.689	-0.430
0.725	-0.225	3.044	1.646	0.344	140.126	-0.421
0.727	-0.231	3.044	1.638	0.344	145.000	-0.416
0.728	-0.225	3.044	1.630	0.352	140.126	-0.419
0.730	-0.219	3.050	1.630	0.344	137.689	-0.424
0.732	-0.225	3.032	1.622	0.352	137.689	-0.427
0.733	-0.219	3.044	1.630	0.336	137.689	-0.424
0.735	-0.219	3.050	1.622	0.352	141.344	-0.420
0.736	-0.219	3.044	1.605	0.344	137.689	-0.420
0.738	-0.225	3.050	1.614	0.344	138.907	-0.421
0.739	-0.219	3.050	1.622	0.344	138.907	-0.425
0.741	-0.213	3.050	1.614	0.344	140.126	-0.420
0.742	-0.219	3.044	1.622	0.352	140.126	-0.417
0.744	-0.213	3.044	1.605	0.352	137.689	-0.422
0.746	-0.219	3.050	1.589	0.352	136.470	-0.424
0.747	-0.213	3.044	1.597	0.336	141.344	-0.420
0.749	-0.219	3.056	1.589	0.344	140.126	-0.419
0.750	-0.207	3.050	1.597	0.352	135.252	-0.419
0.752	-0.213	3.044	1.597	0.360	134.033	-0.425
0.753	-0.207	3.044	1.581	0.344	135.252	-0.422
0.755	-0.219	3.056	1.581	0.344	140.126	-0.420
0.756	-0.225	3.038	1.581	0.352	140.126	-0.417
0.758	-0.219	3.044	1.573	0.352	135.252	-0.420
0.759	-0.219	3.044	1.573	0.336	137.689	-0.424
0.761	-0.213	3.044	1.573	0.344	143.781	-0.424
0.763	-0.213	3.044	1.564	0.344	149.873	-0.417
0.764	-0.213	3.050	1.556	0.352	160.840	-0.419
0.766	-0.213	3.044	1.564	0.352	165.714	-0.421
0.767	-0.219	3.038	1.556	0.344	168.151	-0.424
0.769	-0.219	3.044	1.540	0.352	171.806	-0.416
0.770	-0.213	3.044	1.548	0.352	162.058	-0.417
0.772	-0.219	3.044	1.556	0.344	158.403	-0.422
0.773	-0.201	3.038	1.532	0.360	160.840	-0.422
0.775	-0.207	3.038	1.548	0.344	158.403	-0.425
0.777	-0.213	3.044	1.540	0.336	163.277	-0.425
0.778	-0.213	3.050	1.532	0.352	162.058	-0.420
0.780	-0.207	3.044	1.524	0.352	159.621	-0.421
0.781	-0.213	3.050	1.515	0.352	163.277	-0.420
0.783	-0.201	3.044	1.515	0.352	159.621	-0.422
0.784	-0.207	3.044	1.524	0.352	164.495	-0.417
0.786	-0.201	3.044	1.524	0.344	159.621	-0.422
0.787	-0.207	3.044	1.515	0.344	157.184	-0.426
0.789	-0.201	3.038	1.507	0.344	165.714	-0.419
0.790	-0.207	3.038	1.515	0.344	160.840	-0.415
0.792	-0.219	3.038	1.507	0.344	157.184	-0.424
0.794	-0.213	3.044	1.507	0.344	154.747	-0.420
0.795	-0.201	3.044	1.499	0.336	155.966	-0.424
0.797	-0.201	3.050	1.499	0.352	158.403	-0.424
0.798	-0.207	3.032	1.491	0.344	158.403	-0.422
0.800	-0.201	3.038	1.483	0.344	162.058	-0.421
0.801	-0.201	3.050	1.491	0.344	155.966	-0.422
0.803	-0.201	3.038	1.499	0.352	158.403	-0.421
0.804	-0.201	3.038	1.483	0.344	160.840	-0.421
0.806	-0.201	3.038	1.483	0.344	153.529	-0.421
0.808	-0.201	3.044	1.474	0.344	151.092	-0.428
0.809	-0.207	3.044	1.483	0.336	155.966	-0.422
0.811	-0.201	3.038	1.466	0.344	163.277	-0.415
0.812	-0.195	3.038	1.483	0.344	158.403	-0.417
0.814	-0.201	3.044	1.466	0.344	149.873	-0.424
0.815	-0.201	3.044	1.474	0.344	153.529	-0.424
0.817	-0.201	3.038	1.466	0.344	153.529	-0.422
0.818	-0.201	3.056	1.458	0.344	155.966	-0.424
0.820	-0.201	3.038	1.450	0.344	157.184	-0.424
0.821	-0.201	3.038	1.458	0.336	153.529	-0.420
0.823	-0.189	3.044	1.442	0.344	155.966	-0.422
0.825	-0.195	3.032	1.450	0.344	155.966	-0.419
0.826	-0.201	3.032	1.442	0.336	153.529	-0.422
0.828	-0.201	3.044	1.433	0.344	152.310	-0.422
0.829	-0.195	3.044	1.433	0.352	151.092	-0.424
0.831	-0.195	3.044	1.442	0.336	158.403	-0.422
0.832	-0.195	3.032	1.425	0.344	157.184	-0.416
0.834	-0.201	3.044	1.417	0.344	147.437	-0.422
0.835	-0.189	3.038	1.425	0.336	146.218	-0.422
0.837	-0.195	3.038	1.425	0.336	148.655	-0.426
0.839	-0.195	3.044	1.417	0.344	154.747	-0.424
0.840	-0.195	3.038	1.425	0.344	153.529	-0.420
0.842	-0.189	3.038	1.409	0.352	151.092	-0.422
0.843	-0.189	3.038	1.409	0.336	152.310	-0.424
0.845	-0.195	3.038	1.417	0.352	151.092	-0.421
0.846	-0.195	3.038	1.409	0.336	152.310	-0.419
0.848	-0.195	3.044	1.409	0.352	160.840	-0.409
0.849	-0.189	3.038	1.409	0.344	148.655	-0.422
0.851	-0.189	3.032	1.401	0.344	148.655	-0.425
0.852	-0.189	3.038	1.401	0.344	151.092	-0.417
0.854	-0.189	3.044	1.392	0.344	151.092	-0.416
0.856	-0.189	3.038	1.392	0.344	145.000	-0.424
0.857	-0.189	3.044	1.376	0.344	145.000	-0.424
0.859	-0.189	3.044	1.392	0.344	147.437	-0.425
0.860	-0.195	3.038	1.384	0.352	148.655	-0.419
0.862	-0.189	3.038	1.376	0.344	149.873	-0.419
0.863	-0.189	3.044	1.376	0.344	149.873	-0.420
0.865	-0.183	3.038	1.368	0.344	146.218	-0.420
0.866	-0.189	3.038	1.360	0.344	148.655	-0.420
0.868	-0.189	3.044	1.368	0.344	149.873	-0.415
0.870	-0.183	3.038	1.368	0.336	148.655	-0.421
0.871	-0.189	3.044	1.360	0.352	143.781	-0.426
0.873	-0.183	3.038	1.368	0.352	148.655	-0.420
0.874	-0.177	3.032	1.352	0.352	153.529	-0.414
0.876	-0.177	3.032	1.343	0.344	145.000	-0.416
0.877	-0.177	3.038	1.343	0.352	142.563	-0.422
0.879	-0.183	3.050	1.352	0.344	142.563	-0.422
0.880	-0.177	3.032	1.335	0.336	145.000	-0.421
0.882	-0.177	3.038	1.352	0.352	149.873	-0.416
0.883	-0.183	3.032	1.343	0.344	146.218	-0.420
0.885	-0.177	3.038	1.327	0.344	142.563	-0.421
0.887	-0.183	3.032	1.327	0.352	146.218	-0.421
0.888	-0.177	3.038	1.343	0.344	145.000	-0.420
0.890	-0.177	3.032	1.335	0.344	146.218	-0.417
0.891	-0.183	3.044	1.327	0.344	142.563	-0.420
0.893	-0.183	3.038	1.327	0.344	143.781	-0.422
0.894	-0.177	3.038	1.311	0.344	148.655	-0.416
0.896	-0.177	3.044	1.319	0.352	143.781	-0.415
0.897	-0.177	3.026	1.311	0.352	140.126	-0.419
0.899	-0.189	3.032	1.311	0.328	141.344	-0.422
0.901	-0.170	3.044	1.294	0.352	141.344	-0.421
0.902	-0.177	3.044	1.302	0.352	142.563	-0.420
0.904	-0.177	3.044	1.302	0.344	142.563	-0.419
0.905	-0.177	3.032	1.286	0.344	142.563	-0.417
0.907	-0.177	3.038	1.302	0.352	142.563	-0.416
0.908	-0.164	3.026	1.294	0.336	140.126	-0.425
0.910	-0.177	3.032	1.294	0.352	141.344	-0.420
0.911	-0.170	3.038	1.294	0.352	141.344	-0.414
0.913	-0.183	3.032	1.286	0.344	142.563	-0.417
0.914	-0.164	3.038	1.278	0.336	142.563	-0.421
0.916	-0.183	3.038	1.286	0.344	142.563	-0.417
0.918	-0.177	3.032	1.294	0.336	141.344	-0.416
0.919	-0.177	3.038	1.278	0.336	135.252	-0.421
0.921	-0.177	3.026	1.278	0.352	137.689	-0.420
0.922	-0.177	3.032	1.278	0.336	142.563	-0.419
0.924	-0.177	3.032	1.270	0.336	137.689	-0.420
0.925	-0.177	3.032	1.278	0.344	141.344	-0.415
0.927	-0.183	3.032	1.261	0.344	137.689	-0.419
0.928	-0.170	3.044	1.261	0.336	138.907	-0.421
0.930	-0.170	3.038	1.261	0.336	141.344	-0.421
0.932	-0.170	3.032	1.253	0.352	142.563	-0.419
0.933	-0.170	3.044	1.261	0.336	140.126	-0.416
0.935	-0.170	3.032	1.245	0.352	136.470	-0.422
0.936	-0.170	3.026	1.245	0.352	137.689	-0.421
0.938	-0.177	3.020	1.261	0.344	138.907	-0.417
0.939	-0.164	3.032	1.253	0.344	134.033	-0.420
0.941	-0.170	3.032	1.237	0.360	138.907	-0.417
0.942	-0.170	3.032	1.245	0.344	136.470	-0.421
0.944	-0.170	3.026	1.237	0.344	137.689	-0.417
0.945	-0.158	3.032	1.229	0.352	135.252	-0.420
0.947	-0.158	3.020	1.237	0.336	140.126	-0.420
0.949	-0.158	3.032	1.237	0.344	146.218	-0.420
0.950	-0.158	3.038	1.220	0.336	152.310	-0.417
0.952	-0.164	3.026	1.229	0.336	165.714	-0.416
0.953	-0.152	3.032	1.220	0.344	169.369	-0.415
0.955	-0.164	3.032	1.220	0.352	162.058	-0.425
0.956	-0.158	3.020	1.212	0.336	168.151	-0.422
0.958	-0.164	3.038	1.204	0.336	173.025	-0.415
0.959	-0.158	3.038	1.204	0.336	166.932	-0.415
0.961	-0.158	3.026	1.212	0.336	160.840	-0.419
0.963	-0.158	3.032	1.196	0.344	160.840	-0.421
0.964	-0.164	3.032	1.196	0.344	165.714	-0.417
0.966	-0.152	3.026	1.204	0.352	165.714	-0.417
0.967	-0.158	3.026	1.196	0.352	165.714	-0.419
0.969	-0.152	3.026	1.188	0.344	159.621	-0.419
0.970	-0.158	3.020	1.196	0.344	165.714	-0.419
0.972	-0.158	3.014	1.188	0.344	168.151	-0.414
0.973	-0.158	3.014	1.188	0.344	164.495	-0.416
0.975	-0.158	3.020	1.179	0.344	162.058	-0.417
0.976	-0.158	3.026	1.196	0.336	159.621	-0.422
0.978	-0.158	3.026	1.179	0.344	166.932	-0.419
0.980	-0.164	3.026	1.179	0.344	165.714	-0.414
0.981	-0.158	3.020	1.163	0.344	159.621	-0.419
0.983	-0.152	3.026	1.179	0.344	158.403	-0.420
0.984	-0.158	3.026	1.179	0.344	155.966	-0.419
0.986	-0.152	3.026	1.163	0.344	159.621	-0.417
0.987	-0.152	3.026	1.171	0.344	163.277	-0.416
0.989	-0.164	3.032	1.163	0.336	160.840	-0.421
0.990	-0.158	3.026	1.155	0.352	158.403	-0.419
0.992	-0.152	3.032	1.163	0.352	159.621	-0.417
0.994	-0.164	3.020	1.171	0.344	160.840	-0.414
0.995	-0.158	3.026	1.155	0.344	159.621	-0.414
0.997	-0.146	3.032	1.147	0.344	155.966	-0.420
0.998	-0.304	3.026	1.139	0.344	155.966	-0.425
1.000	40.737	3.026	1.179	0.352	162.058	-0.406
1.001	48.725	3.020	1.220	0.344	164.495	-0.409
1.003	49.626	3.026	1.278	0.344	154.747	-0.419
1.004	49.705	3.026	1.311	0.352	153.529	-0.422
1.006	49.705	3.026	1.360	0.344	155.966	-0.421
1.007	49.699	3.020	1.401	0.352	155.966	-0.417
1.009	49.687	3.026	1.433	0.336	159.621	-0.414
1.011	49.680	3.020	1.474	0.344	158.403	-0.417
1.012	49.674	3.020	1.499	0.344	155.966	-0.420
1.014	49.668	3.014	1.540	0.344	155.966	-0.419
1.015	49.650	3.026	1.573	0.344	157.184	-0.415
1.017	49.656	3.020	1.605	0.352	157.184	-0.417
1.018	49.644	3.014	1.630	0.344	152.310	-0.421
1.020	49.638	3.014	1.679	0.336	155.966	-0.420
1.021	49.620	3.020	1.704	0.344	163.277	-0.414
1.023	49.614	3.020	1.736	0.344	154.747	-0.417
1.025	49.620	3.020	1.761	0.352	152.310	-0.421
1.026	49.607	3.026	1.794	0.352	153.529	-0.422
1.028	49.601	3.026	1.835	0.352	153.529	-0.420
1.029	49.601	3.020	1.859	0.336	155.966	-0.415
1.031	49.589	3.032	1.892	0.344	155.966	-0.415
1.032	49.583	3.020	1.917	0.344	149.873	-0.419
1.034	49.571	3.020	1.941	0.336	152.310	-0.421
1.035	49.553	3.032	1.982	0.344	158.403	-0.419
1.037	49.553	3.014	2.007	0.344	153.529	-0.416
1.038	49.547	3.026	2.040	0.344	147.437	-0.422
1.040	49.540	3.020	2.072	0.344	151.092	-0.417
1.042	49.534	3.026	2.089	0.336	155.966	-0.420
1.043	49.547	3.020	2.113	0.344	152.310	-0.416
1.045	49.534	3.020	2.138	0.344	151.092	-0.417
1.046	49.528	3.026	2.179	0.336	148.655	-0.425
1.048	49.522	3.038	2.203	0.352	152.310	-0.415
1.049	37.352	3.032	2.171	0.328	112.100	-0.437
1.051	4.073	3.020	2.179	0.344	142.563	-0.424
1.052	0.244	3.026	2.179	0.336	146.218	-0.420
1.054	-0.225	3.026	2.162	0.336	151.092	-0.421
1.056	-0.286	3.032	2.162	0.352	151.092	-0.420
1.057	-0.298	3.038	2.146	0.344	152.310	-0.417
1.059	-0.298	3.026	2.130	0.352	149.873	-0.416
1.060	-0.292	3.014	2.121	0.352	146.218	-0.421
1.062	-0.304	3.032	2.105	0.344	148.655	-0.422
1.063	-0.304	3.026	2.105	0.344	154.747	-0.417
1.065	-0.304	3.026	2.089	0.360	149.873	-0.422
1.066	-0.292	3.032	2.089	0.344	143.781	-0.422
1.068	-0.292	3.032	2.072	0.344	147.437	-0.422
1.069	-0.292	3.014	2.064	0.352	148.655	-0.420
1.071	-0.280	3.026	2.064	0.344	147.437	-0.421
1.073	-0.298	3.020	2.056	0.352	147.437	-0.422
1.074	-0.280	3.032	2.048	0.344	146.218	-0.424
1.076	-0.286	3.032	2.040	0.344	145.000	-0.422
1.077	-0.292	3.026	2.031	0.344	149.873	-0.417
1.079	-0.292	3.026	2.040	0.352	149.873	-0.416
1.080	-0.286	3.026	2.023	0.360	145.000	-0.424
1.082	-0.274	3.032	2.007	0.344	143.781	-0.427
1.083	-0.280	3.020	1.999	0.344	151.092	-0.419
1.085	-0.292	3.026	2.007	0.336	149.873	-0.415
1.087	-0.280	3.026	1.999	0.344	143.781	-0.421
1.088	-0.274	3.020	1.990	0.344	143.781	-0.425
1.090	-0.274	3.026	1.990	0.344	145.000	-0.421
1.091	-0.274	3.020	1.982	0.336	146.218	-0.425
1.093	-0.268	3.026	1.982	0.344	146.218	-0.421
1.094	-0.286	3.014	1.966	0.352	145.000	-0.425
1.096	-0.280	3.020	1.966	0.344	142.563	-0.422
1.097	-0.274	3.026	1.949	0.336	145.000	-0.422
1.099	-0.280	3.020	1.974	0.344	148.655	-0.421
1.100	-0.268	3.020	1.941	0.344	142.563	-0.422
1.102	-0.274	3.020	1.949	0.344	141.344	-0.426
1.104	-0.268	3.026	1.941	0.352	145.000	-0.417
1.105	-0.274	3.020	1.933	0.336	147.437	-0.417
1.107	-0.274	3.020	1.933	0.344	142.563	-0.421
1.108	-0.268	3.008	1.933	0.336	140.126	-0.422
1.110	-0.262	3.020	1.925	0.344	142.563	-0.426
1.111	-0.262	3.020	1.917	0.352	140.126	-0.419
1.113	-0.262	3.020	1.908	0.344	143.781	-0.421
1.114	-0.262	3.020	1.908	0.336	142.563	-0.424
1.116	-0.268	3.020	1.900	0.344	137.689	-0.425
1.118	-0.262	3.020	1.892	0.344	141.344	-0.426
1.119	-0.262	3.020	1.900	0.344	143.781	-0.422
1.121	-0.268	3.014	1.892	0.344	145.000	-0.421
1.122	-0.262	3.020	1.884	0.344	137.689	-0.424
1.124	-0.256	3.020	1.876	0.352	136.470	-0.426
1.125	-0.262	3.026	1.876	0.336	145.000	-0.420
1.127	-0.262	3.014	1.859	0.336	142.563	-0.416
1.128	-0.262	3.014	1.868	0.344	141.344	-0.422
1.130	-0.262	3.014	1.859	0.336	136.470	-0.424
1.131	-0.256	3.014	1.851	0.344	135.252	-0.425
1.133	-0.256	3.014	1.851	0.328	143.781	-0.419
1.135	-0.256	3.014	1.851	0.344	136.470	-0.420
1.136	-0.256	3.020	1.851	0.336	140.126	-0.422
1.138	-0.262	3.014	1.843	0.344	135.252	-0.425
1.139	-0.262	3.008	1.843	0.344	138.907	-0.424
1.141	-0.256	3.020	1.835	0.336	141.344	-0.420
1.142	-0.262	3.020	1.843	0.328	140.126	-0.417
1.144	-0.262	3.008	1.810	0.336	137.689	-0.425
1.145	-0.250	3.020	1.827	0.344	136.470	-0.427
1.147	-0.250	3.008	1.818	0.344	140.126	-0.420
1.149	-0.250	3.014	1.810	0.352	141.344	-0.415
1.150	-0.256	3.014	1.827	0.344	134.033	-0.421
1.152	-0.256	3.020	1.810	0.344	135.252	-0.422
1.153	-0.256	3.014	1.810	0.344	136.470	-0.424
1.155	-0.244	3.020	1.810	0.344	138.907	-0.419
1.156	-0.250	3.014	1.794	0.336	136.470	-0.419
1.158	-0.244	3.020	1.802	0.328	138.907	-0.424
1.159	-0.250	3.014	1.794	0.344	146.218	-0.427
1.161	-0.237	3.008	1.777	0.344	155.966	-0.424
1.162	-0.250	3.008	1.777	0.344	169.369	-0.417
1.164	-0.250	3.014	1.777	0.336	169.369	-0.419
1.166	-0.237	3.014	1.769	0.344	160.840	-0.431
1.167	-0.244	3.014	1.769	0.336	163.277	-0.424
1.169	-0.244	3.020	1.769	0.344	166.932	-0.417
1.170	-0.250	3.008	1.761	0.336	164.495	-0.419
1.172	-0.244	3.014	1.769	0.352	159.621	-0.421
1.173	-0.250	3.008	1.761	0.336	163.277	-0.424
1.175	-0.237	3.014	1.753	0.344	158.403	-0.422
1.176	-0.244	3.008	1.745	0.344	162.058	-0.420
1.178	-0.237	3.014	1.753	0.344	163.277	-0.422
1.180	-0.237	3.008	1.753	0.352	162.058	-0.424
1.181	-0.237	3.008	1.753	0.344	158.403	-0.425
1.183	-0.244	3.014	1.728	0.344	162.058	-0.421
1.184	-0.237	3.002	1.736	0.328	159.621	-0.422
1.186	-0.244	3.008	1.736	0.336	154.747	-0.424
1.187	-0.237	3.008	1.728	0.336	155.966	-0.428
1.189	-0.237	3.008	1.728	0.344	166.932	-0.421
1.190	-0.237	3.008	1.720	0.336	159.621	-0.419
1.192	-0.231	3.008	1.720	0.328	155.966	-0.420
1.193	-0.237	2.995	1.712	0.344	155.966	-0.426
1.195	-0.237	3.020	1.704	0.344	154.747	-0.424
1.197	-0.225	3.008	1.712	0.344	159.621	-0.422
1.198	-0.237	3.008	1.712	0.344	162.058	-0.420
1.200	-0.231	3.008	1.704	0.336	155.966	-0.419
1.201	-0.244	3.008	1.704	0.344	155.966	-0.424
1.203	-0.237	3.008	1.704	0.344	155.966	-0.426
1.204	-0.231	3.008	1.696	0.344	158.403	-0.422
1.206	-0.231	3.008	1.704	0.344	158.403	-0.420
1.207	-0.231	3.008	1.687	0.336	155.966	-0.422
1.209	-0.225	3.008	1.671	0.336	159.621	-0.426
1.211	-0.225	3.008	1.679	0.352	158.403	-0.420
1.212	-0.225	3.008	1.679	0.344	154.747	-0.424
1.214	-0.225	3.008	1.671	0.328	155.966	-0.422
1.215	-0.225	3.002	1.671	0.344	154.747	-0.421
1.217	-0.231	3.008	1.671	0.344	157.184	-0.424
1.218	-0.225	3.014	1.671	0.336	149.873	-0.425
1.220	-0.237	3.014	1.663	0.352	155.966	-0.421
1.221	-0.225	3.014	1.638	0.344	154.747	-0.422
1.223	-0.231	3.014	1.655	0.328	153.529	-0.424
1.224	-0.219	3.008	1.655	0.344	153.529	-0.422
1.226	-0.231	3.008	1.638	0.336	153.529	-0.419
1.228	-0.225	3.008	1.630	0.336	153.529	-0.424
1.229	-0.225	3.008	1.630	0.336	152.310	-0.425
1.231	-0.231	3.002	1.630	0.344	154.747	-0.420
1.232	-0.225	3.014	1.630	0.344	155.966	-0.416
1.234	-0.225	3.008	1.622	0.352	148.655	-0.422
1.235	-0.213	3.008	1.630	0.344	152.310	-0.419
1.237	-0.225	3.008	1.622	0.344	151.092	-0.425
1.238	-0.213	3.014	1.614	0.344	153.529	-0.422
1.240	-0.231	2.995	1.614	0.352	152.310	-0.420
1.242	-0.225	3.014	1.614	0.344	149.873	-0.420
1.243	-0.213	3.008	1.614	0.352	149.873	-0.424
1.245	-0.225	3.008	1.622	0.344	151.092	-0.424
1.246	-0.219	3.008	1.614	0.336	162.058	-0.409
1.248	-0.219	3.008	1.597	0.344	149.873	-0.419
1.249	-0.231	3.008	1.614	0.328	145.000	-0.427
1.251	-0.225	3.014	1.597	0.344	149.873	-0.425
1.252	-0.219	3.008	1.589	0.352	154.747	-0.420
1.254	-0.213	3.008	1.589	0.344	149.873	-0.420
1.255	-0.207	3.002	1.581	0.344	147.437	-0.424
1.257	-0.219	3.002	1.589	0.344	146.218	-0.421
1.259	-0.219	3.002	1.581	0.344	147.437	-0.422
1.260	-0.213	2.995	1.581	0.344	148.655	-0.422
1.262	-0.219	2.995	1.573	0.344	146.218	-0.420
1.263	-0.213	3.008	1.573	0.344	148.655	-0.420
1.265	-0.219	3.002	1.573	0.344	147.437	-0.420
1.266	-0.219	3.008	1.556	0.344	148.655	-0.421
1.268	-0.219	3.002	1.564	0.344	145.000	-0.420
1.269	-0.213	3.008	1.556	0.336	146.218	-0.421
1.271	-0.207	3.002	1.556	0.352	146.218	-0.419
1.273	-0.213	3.002	1.548	0.344	151.092	-0.419
1.274	-0.213	3.002	1.548	0.344	147.437	-0.419
1.276	-0.207	3.014	1.540	0.344	141.344	-0.422
1.277	-0.213	3.002	1.548	0.336	143.781	-0.422
1.279	-0.213	2.995	1.540	0.344	143.781	-0.420
1.280	-0.219	3.008	1.540	0.352	147.437	-0.419
1.282	-0.207	3.002	1.540	0.336	145.000	-0.420
1.283	-0.219	3.008	1.532	0.344	140.126	-0.422
1.285	-0.213	3.008	1.515	0.336	145.000	-0.419
1.286	-0.207	3.008	1.532	0.352	143.781	-0.422
1.288	-0.213	3.002	1.515	0.344	147.437	-0.419
1.290	-0.207	3.008	1.515	0.328	141.344	-0.421
1.291	-0.207	3.008	1.515	0.328	141.344	-0.422
1.293	-0.201	3.008	1.507	0.336	145.000	-0.422
1.294	-0.201	3.014	1.507	0.344	151.092	-0.416
1.296	-0.207	3.008	1.507	0.344	143.781	-0.415
1.297	-0.213	3.002	1.507	0.352	137.689	-0.422
1.299	-0.213	3.008	1.507	0.336	140.126	-0.421
1.300	-0.207	2.989	1.499	0.344	146.218	-0.417
1.302	-0.207	3.008	1.499	0.344	145.000	-0.415
1.304	-0.201	3.002	1.499	0.344	140.126	-0.417
1.305	-0.207	3.008	1.499	0.344	138.907	-0.421
1.307	-0.213	2.995	1.474	0.352	138.907	-0.419
1.308	-0.195	3.008	1.483	0.352	145.000	-0.420
1.310	-0.201	3.002	1.474	0.352	145.000	-0.413
1.311	-0.207	2.995	1.474	0.344	138.907	-0.419
1.313	-0.201	3.008	1.466	0.336	136.470	-0.425
1.314	-0.213	3.002	1.466	0.352	138.907	-0.422
1.316	-0.195	3.002	1.483	0.360	149.873	-0.413
1.317	-0.195	3.002	1.474	0.336	138.907	-0.416
1.319	-0.201	2.995	1.466	0.336	135.252	-0.420
1.321	-0.195	3.002	1.474	0.336	136.470	-0.421
1.322	-0.195	3.008	1.458	0.344	138.907	-0.420
1.324	-0.201	3.002	1.466	0.344	142.563	-0.416
1.325	-0.195	3.008	1.442	0.344	137.689	-0.419
1.327	-0.189	3.008	1.450	0.344	136.470	-0.419
1.328	-0.201	3.002	1.450	0.344	136.470	-0.420
1.330	-0.189	3.008	1.450	0.344	138.907	-0.419
1.331	-0.195	3.008	1.433	0.336	138.907	-0.414
1.333	-0.195	3.008	1.433	0.344	131.596	-0.422
1.335	-0.189	2.995	1.433	0.328	135.252	-0.420
1.336	-0.201	3.008	1.433	0.352	140.126	-0.420
1.338	-0.201	3.002	1.433	0.344	142.563	-0.414
1.339	-0.195	2.995	1.425	0.344	135.252	-0.419
1.341	-0.189	3.002	1.417	0.328	135.252	-0.417
1.342	-0.195	3.008	1.425	0.344	136.470	-0.417
1.344	-0.201	2.995	1.417	0.344	141.344	-0.416
1.345	-0.195	3.008	1.417	0.336	146.218	-0.415
1.347	-0.189	3.008	1.409	0.336	151.092	-0.415
1.348	-0.189	2.995	1.401	0.336	151.092	-0.419
1.350	-0.189	2.995	1.409	0.344	163.277	-0.419
1.352	-0.189	2.995	1.401	0.352	165.714	-0.417
1.353	-0.189	2.995	1.409	0.344	168.151	-0.417
1.355	-0.195	3.014	1.392	0.344	166.932	-0.420
1.356	-0.189	3.002	1.392	0.328	164.495	-0.422
1.358	-0.183	3.002	1.384	0.344	165.714	-0.414
1.359	-0.189	2.995	1.384	0.344	165.714	-0.415
1.361	-0.189	3.002	1.392	0.344	162.058	-0.419
1.362	-0.177	3.002	1.384	0.336	163.277	-0.419
1.364	-0.183	3.008	1.376	0.344	163.277	-0.417
1.366	-0.189	3.002	1.384	0.344	166.932	-0.415
1.367	-0.189	3.002	1.368	0.344	162.058	-0.417
1.369	-0.189	2.995	1.368	0.352	163.277	-0.419
1.370	-0.183	3.002	1.384	0.336	160.840	-0.419
1.372	-0.195	3.002	1.376	0.344	163.277	-0.415
1.373	-0.183	3.002	1.368	0.352	162.058	-0.415
1.375	-0.177	3.002	1.352	0.344	162.058	-0.419
1.376	-0.177	3.008	1.368	0.344	157.184	-0.427
1.378	-0.189	3.008	1.352	0.344	162.058	-0.419
1.379	-0.177	3.002	1.360	0.336	165.714	-0.409
1.381	-0.183	3.008	1.360	0.344	158.403	-0.416
1.383	-0.183	2.995	1.368	0.344	158.403	-0.419
1.384	-0.189	3.002	1.343	0.344	160.840	-0.417
1.386	-0.183	3.002	1.352	0.344	162.058	-0.416
1.387	-0.177	3.008	1.343	0.344	160.840	-0.414
1.389	-0.183	3.002	1.343	0.344	160.840	-0.417
1.390	-0.177	3.002	1.343	0.352	157.184	-0.417
1.392	-0.170	3.002	1.343	0.352	158.403	-0.419
1.393	-0.170	3.002	1.327	0.352	160.840	-0.413
1.395	-0.183	3.002	1.335	0.336	158.403	-0.416
1.397	-0.177	3.002	1.319	0.336	154.747	-0.422
1.398	-0.177	2.995	1.311	0.336	154.747	-0.424
1.400	-0.177	3.008	1.319	0.352	164.495	-0.414
1.401	-0.170	2.995	1.319	0.344	159.621	-0.414
1.403	-0.189	3.002	1.327	0.344	157.184	-0.416
1.404	-0.170	3.014	1.311	0.336	154.747	-0.421
1.406	-0.177	3.002	1.302	0.336	157.184	-0.420
1.407	-0.183	3.008	1.302	0.336	159.621	-0.415
1.409	-0.183	3.008	1.302	0.344	157.184	-0.415
1.410	-0.164	3.014	1.311	0.344	154.747	-0.416
1.412	-0.177	3.002	1.302	0.352	155.966	-0.419
1.414	-0.170	3.008	1.302	0.344	154.747	-0.419
1.415	-0.177	3.008	1.294	0.336	157.184	-0.415
1.417	-0.177	3.008	1.286	0.328	151.092	-0.417
1.418	-0.177	3.008	1.278	0.344	151.092	-0.419
1.420	-0.177	3.008	1.278	0.352	155.966	-0.421
1.421	-0.177	3.002	1.278	0.344	157.184	-0.414
1.423	-0.177	3.008	1.278	0.344	155.966	-0.417
1.424	-0.177	3.008	1.270	0.336	153.529	-0.416
1.426	-0.177	3.014	1.261	0.344	151.092	-0.421
1.428	-0.170	3.002	1.270	0.344	155.966	-0.417
1.429	-0.170	3.002	1.261	0.336	155.966	-0.416
1.431	-0.164	3.008	1.261	0.344	157.184	-0.414
1.432	-0.170	3.020	1.253	0.352	154.747	-0.419
1.434	-0.177	3.014	1.253	0.344	151.092	-0.421
1.435	-0.170	3.002	1.253	0.344	151.092	-0.419
1.437	-0.170	3.008	1.270	0.336	155.966	-0.411
1.438	-0.177	3.002	1.253	0.344	154.747	-0.417
1.440	-0.164	3.002	1.245	0.344	147.437	-0.422
1.441	-0.164	3.008	1.253	0.352	152.310	-0.419
1.443	-0.164	3.008	1.245	0.344	154.747	-0.414
