Time (ms)	Ch1 V	Ch2 V	Ch1 A	Ch2 A	RPM	Torque
0.000	29.492	28.627	3.997	3.211	1304.996	-1.140
0.002	46.782	28.585	3.997	3.227	1267.223	-1.160
0.003	48.810	28.603	4.022	3.211	1267.223	-1.162
0.005	49.023	28.572	4.046	3.203	1259.912	-1.173
0.006	49.041	28.609	4.055	3.219	1269.660	-1.161
0.008	49.041	28.585	4.087	3.219	1269.660	-1.157
0.009	49.035	28.609	4.112	3.211	1263.568	-1.163
0.011	49.035	28.585	4.112	3.203	1252.601	-1.173
0.012	49.023	28.603	4.145	3.219	1259.912	-1.162
0.014	49.017	28.585	4.161	3.203	1258.694	-1.160
0.015	49.011	28.609	4.186	3.219	1252.601	-1.163
0.017	49.011	28.597	4.202	3.211	1252.601	-1.161
0.019	49.011	28.585	4.218	3.211	1252.601	-1.165
0.020	49.005	28.597	4.227	3.211	1253.820	-1.165
0.022	48.999	28.591	4.243	3.203	1261.131	-1.165
0.023	48.992	28.603	4.267	3.211	1264.786	-1.167
0.025	48.986	28.578	4.267	3.203	1268.441	-1.168
0.026	48.980	28.609	4.292	3.211	1270.878	-1.165
0.028	48.986	28.578	4.308	3.219	1274.534	-1.160
0.029	48.980	28.603	4.325	3.203	1259.912	-1.168
0.031	48.968	28.572	4.333	3.211	1263.568	-1.163
0.033	48.962	28.609	4.341	3.211	1264.786	-1.161
0.034	48.962	28.591	4.349	3.203	1258.694	-1.165
0.036	48.962	28.615	4.374	3.211	1256.257	-1.163
0.037	48.962	28.585	4.382	3.211	1252.601	-1.166
0.039	48.950	28.603	4.415	3.194	1259.912	-1.165
0.040	48.944	28.572	4.407	3.194	1256.257	-1.166
0.042	48.938	28.609	4.423	3.211	1261.131	-1.163
0.043	48.938	28.578	4.431	3.219	1263.568	-1.167
0.045	48.932	28.621	4.464	3.219	1270.878	-1.166
0.046	48.932	28.591	4.472	3.211	1273.315	-1.165
0.048	48.938	28.609	4.480	3.211	1267.223	-1.168
0.050	48.944	28.591	4.497	3.211	1268.441	-1.167
0.051	48.944	28.597	4.505	3.203	1275.752	-1.161
0.053	48.932	28.591	4.521	3.203	1268.441	-1.161
0.054	48.932	28.597	4.530	3.203	1261.131	-1.165
0.056	48.913	28.597	4.530	3.211	1263.568	-1.163
0.057	48.926	28.585	4.562	3.194	1262.349	-1.165
0.059	48.926	28.597	4.554	3.227	1258.694	-1.163
0.060	48.919	28.578	4.571	3.211	1255.038	-1.165
0.062	48.907	28.603	4.587	3.203	1246.509	-1.171
0.064	48.913	28.585	4.579	3.203	1250.164	-1.167
0.065	48.913	28.603	4.603	3.219	1256.257	-1.162
0.067	48.907	28.585	4.620	3.203	1257.475	-1.166
0.068	48.913	28.609	4.628	3.203	1256.257	-1.172
0.070	48.907	28.572	4.636	3.211	1269.660	-1.166
0.071	48.895	28.597	4.652	3.211	1276.971	-1.161
0.073	48.907	28.578	4.661	3.219	1278.189	-1.158
0.074	48.895	28.615	4.669	3.203	1269.660	-1.162
0.076	48.889	28.591	4.669	3.203	1266.005	-1.166
0.077	48.883	28.603	4.685	3.211	1258.694	-1.168
0.079	48.889	28.578	4.693	3.203	1261.131	-1.166
0.081	48.889	28.609	4.710	3.203	1256.257	-1.167
0.082	48.883	28.578	4.718	3.203	1255.038	-1.167
0.084	48.883	28.597	4.734	3.211	1253.820	-1.165
0.085	48.895	28.585	4.743	3.211	1257.475	-1.163
0.087	48.883	28.585	4.743	3.211	1252.601	-1.171
0.088	48.889	28.591	4.759	3.211	1264.786	-1.167
0.090	48.883	28.572	4.775	3.211	1276.971	-1.157
0.091	48.877	28.578	4.783	3.219	1273.315	-1.163
0.093	48.871	28.572	4.783	3.211	1269.660	-1.166
0.095	48.877	28.597	4.800	3.211	1264.786	-1.171
0.096	48.877	28.572	4.816	3.219	1262.349	-1.168
0.098	48.871	28.603	4.824	3.203	1268.441	-1.162
0.099	48.865	28.578	4.833	3.194	1266.005	-1.163
0.101	48.865	28.597	4.841	3.211	1259.912	-1.166
0.102	48.859	28.572	4.857	3.219	1259.912	-1.166
0.104	48.865	28.603	4.857	3.211	1259.912	-1.163
0.105	48.859	28.585	4.874	3.203	1253.820	-1.167
0.107	48.846	28.609	4.882	3.211	1253.820	-1.167
0.108	48.840	28.591	4.898	3.211	1255.038	-1.162
0.110	48.846	28.615	4.898	3.219	1253.820	-1.163
0.112	48.834	28.585	4.906	3.211	1253.820	-1.167
0.113	48.840	28.615	4.915	3.211	1257.475	-1.169
0.115	48.828	28.603	4.923	3.203	1264.786	-1.168
0.116	48.834	28.615	4.947	3.211	1268.441	-1.168
0.118	48.828	28.597	4.947	3.211	1266.005	-1.167
0.119	48.822	28.603	4.964	3.203	1259.912	-1.172
0.121	48.828	28.597	4.956	3.211	1264.786	-1.166
0.122	48.816	28.591	4.972	3.219	1269.660	-1.163
0.124	48.816	28.591	4.980	3.219	1262.349	-1.165
0.126	48.810	28.585	4.988	3.203	1253.820	-1.171
0.127	48.810	28.603	4.996	3.203	1251.383	-1.171
0.129	48.804	28.578	5.005	3.203	1258.694	-1.166
0.130	48.798	28.597	5.021	3.203	1255.038	-1.165
0.132	48.804	28.566	5.029	3.211	1253.820	-1.168
0.133	48.798	28.591	5.037	3.211	1261.131	-1.168
0.135	48.798	28.566	5.046	3.203	1264.786	-1.168
0.136	48.798	28.597	5.046	3.203	1272.097	-1.163
0.138	48.798	28.566	5.062	3.211	1272.097	-1.166
0.139	48.792	28.591	5.078	3.211	1272.097	-1.165
0.141	48.792	28.566	5.070	3.211	1267.223	-1.169
0.143	48.785	28.591	5.095	3.211	1269.660	-1.165
0.144	48.785	28.566	5.103	3.219	1263.568	-1.166
0.146	48.798	28.597	5.103	3.203	1253.820	-1.172
0.147	48.779	28.560	5.111	3.211	1261.131	-1.168
0.149	48.785	28.603	5.128	3.211	1261.131	-1.162
0.150	48.785	28.578	5.136	3.211	1256.257	-1.167
0.152	48.779	28.597	5.152	3.211	1248.946	-1.169
0.153	48.785	28.578	5.152	3.203	1244.072	-1.168
0.155	48.779	28.585	5.160	3.211	1252.601	-1.166
0.157	48.773	28.578	5.168	3.203	1256.257	-1.165
0.158	48.767	28.572	5.177	3.203	1259.912	-1.166
0.160	48.761	28.585	5.185	3.211	1261.131	-1.169
0.161	48.761	28.585	5.201	3.211	1270.878	-1.167
0.163	48.761	28.597	5.209	3.203	1272.097	-1.165
0.164	48.761	28.572	5.226	3.211	1278.189	-1.158
0.166	48.761	28.603	5.218	3.203	1263.568	-1.168
0.167	48.761	28.578	5.250	3.203	1267.223	-1.165
0.169	48.767	28.609	5.234	3.211	1262.349	-1.166
0.170	48.761	28.572	5.250	3.211	1252.601	-1.172
0.172	48.749	28.603	5.250	3.211	1256.257	-1.167
0.174	48.761	28.572	5.267	3.211	1258.694	-1.165
0.175	48.761	28.609	5.283	3.203	1262.349	-1.165
0.177	48.749	28.572	5.283	3.211	1253.820	-1.169
0.178	48.761	28.603	5.291	3.203	1257.475	-1.169
0.180	48.749	28.578	5.300	3.211	1264.786	-1.169
0.181	48.743	28.603	5.308	3.203	1268.441	-1.167
0.183	48.743	28.572	5.308	3.211	1270.878	-1.166
0.184	48.743	28.597	5.308	3.211	1266.005	-1.171
0.186	48.737	28.578	5.349	3.203	1273.315	-1.162
0.188	48.743	28.597	5.349	3.211	1274.534	-1.161
0.189	48.737	28.578	5.349	3.219	1267.223	-1.166
0.191	48.731	28.603	5.357	3.219	1264.786	-1.167
0.192	48.725	28.597	5.365	3.194	1258.694	-1.167
0.194	48.731	28.591	5.381	3.203	1259.912	-1.167
0.195	48.737	28.597	5.390	3.203	1255.038	-1.169
0.197	48.731	28.585	5.398	3.211	1257.475	-1.166
0.198	48.719	28.603	5.406	3.219	1252.601	-1.168
0.200	48.719	28.585	5.414	3.194	1250.164	-1.168
0.201	48.700	28.603	5.406	3.203	1252.601	-1.167
0.203	48.700	28.597	5.422	3.203	1246.509	-1.176
0.205	48.694	28.609	5.439	3.211	1258.694	-1.171
0.206	48.700	28.585	5.447	3.219	1274.534	-1.162
0.208	48.694	28.615	5.463	3.211	1274.534	-1.165
0.209	48.694	28.591	5.447	3.203	1269.660	-1.165
0.211	48.688	28.615	5.463	3.211	1258.694	-1.176
0.212	48.694	28.585	5.472	3.203	1262.349	-1.168
0.214	48.682	28.609	5.488	3.203	1261.131	-1.168
0.215	48.682	28.572	5.488	3.203	1261.131	-1.168
0.217	48.670	28.603	5.496	3.203	1257.475	-1.168
0.219	48.676	28.566	5.504	3.211	1255.038	-1.171
0.220	48.682	28.591	5.521	3.211	1258.694	-1.165
0.222	48.682	28.572	5.521	3.211	1252.601	-1.169
0.223	48.682	28.597	5.545	3.211	1250.164	-1.174
0.225	48.670	28.585	5.545	3.194	1264.786	-1.167
0.226	48.664	28.597	5.545	3.219	1273.315	-1.163
0.228	48.670	28.597	5.562	3.211	1267.223	-1.171
0.229	48.670	28.603	5.562	3.211	1270.878	-1.169
0.231	48.670	28.603	5.586	3.203	1269.660	-1.168
0.232	48.670	28.597	5.594	3.211	1263.568	-1.172
0.234	48.664	28.609	5.586	3.211	1266.005	-1.171
0.236	48.658	28.591	5.594	3.203	1263.568	-1.169
0.237	48.664	28.603	5.611	3.211	1258.694	-1.169
0.239	48.664	28.572	5.611	3.203	1263.568	-1.166
0.240	48.658	28.609	5.619	3.219	1264.786	-1.163
0.242	48.658	28.585	5.635	3.194	1256.257	-1.167
0.243	48.639	28.609	5.644	3.203	1256.257	-1.171
0.245	48.639	28.578	5.660	3.219	1250.164	-1.166
0.246	48.658	28.615	5.660	3.211	1247.727	-1.172
0.248	48.652	28.578	5.652	3.219	1248.946	-1.174
0.250	48.639	28.603	5.668	3.203	1259.912	-1.168
0.251	48.639	28.572	5.676	3.219	1262.349	-1.169
0.253	48.645	28.597	5.693	3.203	1268.441	-1.171
0.254	48.639	28.572	5.693	3.211	1264.786	-1.171
0.256	48.627	28.591	5.701	3.211	1283.063	-1.160
0.257	48.645	28.572	5.717	3.203	1266.005	-1.169
0.259	48.639	28.591	5.725	3.227	1269.660	-1.166
0.260	48.639	28.578	5.742	3.203	1261.131	-1.167
0.262	48.633	28.585	5.725	3.203	1253.820	-1.176
0.263	48.621	28.597	5.742	3.203	1258.694	-1.168
0.265	48.639	28.585	5.750	3.203	1258.694	-1.167
0.267	48.627	28.597	5.750	3.194	1257.475	-1.169
0.268	48.627	28.578	5.775	3.194	1248.946	-1.172
0.270	48.621	28.603	5.783	3.203	1257.475	-1.173
0.271	48.621	28.560	5.783	3.203	1264.786	-1.169
0.273	48.609	28.603	5.791	3.219	1270.878	-1.169
0.274	48.615	28.566	5.799	3.203	1276.971	-1.168
0.276	48.609	28.591	5.816	3.211	1272.097	-1.168
0.277	48.603	28.560	5.816	3.203	1269.660	-1.167
0.279	48.603	28.578	5.824	3.203	1266.005	-1.171
0.281	48.603	28.560	5.824	3.211	1258.694	-1.176
0.282	48.597	28.591	5.848	3.211	1262.349	-1.172
0.284	48.597	28.566	5.848	3.219	1264.786	-1.166
0.285	48.591	28.603	5.848	3.211	1262.349	-1.167
0.287	48.591	28.578	5.865	3.194	1253.820	-1.173
0.288	48.585	28.585	5.881	3.211	1255.038	-1.171
0.290	48.591	28.566	5.881	3.211	1253.820	-1.169
0.291	48.585	28.578	5.881	3.203	1253.820	-1.166
0.293	48.578	28.572	5.889	3.203	1255.038	-1.167
0.294	48.566	28.578	5.897	3.203	1251.383	-1.173
0.296	48.578	28.578	5.906	3.211	1261.131	-1.171
0.298	48.560	28.542	5.914	3.211	1266.005	-1.167
0.299	48.560	28.566	5.914	3.203	1267.223	-1.172
0.301	48.560	28.548	5.930	3.203	1262.349	-1.176
0.302	48.548	28.578	5.938	3.203	1266.005	-1.172
0.304	48.548	28.560	5.930	3.203	1264.786	-1.171
0.305	48.548	28.585	5.955	3.194	1258.694	-1.172
0.307	48.554	28.554	5.955	3.203	1262.349	-1.167
0.308	48.548	28.578	5.963	3.211	1259.912	-1.171
0.310	48.548	28.554	5.971	3.203	1257.475	-1.171
0.312	48.548	28.572	5.988	3.194	1253.820	-1.168
0.313	48.542	28.542	5.996	3.203	1252.601	-1.173
0.315	48.536	28.578	6.004	3.194	1256.257	-1.172
0.316	48.548	28.560	6.020	3.211	1262.349	-1.169
0.318	48.536	28.572	6.012	3.211	1272.097	-1.166
0.319	48.536	28.554	6.020	3.194	1263.568	-1.174
0.321	48.536	28.566	6.037	3.203	1273.315	-1.173
0.322	48.536	28.548	6.037	3.211	1276.971	-1.165
0.324	48.536	28.560	6.045	3.211	1268.441	-1.168
0.325	48.542	28.554	6.061	3.211	1267.223	-1.171
0.327	48.530	28.566	6.069	3.203	1263.568	-1.171
0.329	48.530	28.560	6.069	3.211	1262.349	-1.167
0.330	48.518	28.542	6.069	3.211	1259.912	-1.169
0.332	48.524	28.566	6.086	3.203	1256.257	-1.172
0.333	48.518	28.554	6.078	3.211	1253.820	-1.172
0.335	48.512	28.566	6.094	3.211	1253.820	-1.172
0.336	48.524	28.536	6.102	3.203	1246.509	-1.171
0.338	48.512	28.560	6.127	3.203	1245.290	-1.173
0.339	48.518	28.536	6.127	3.203	1248.946	-1.173
0.341	48.512	28.566	6.135	3.194	1262.349	-1.169
0.343	48.518	28.530	6.135	3.211	1270.878	-1.165
0.344	48.512	28.566	6.143	3.211	1270.878	-1.169
0.346	48.512	28.536	6.151	3.194	1264.786	-1.174
0.347	48.512	28.554	6.151	3.203	1273.315	-1.167
0.349	48.505	28.530	6.168	3.211	1267.223	-1.169
0.350	48.512	28.554	6.176	3.203	1264.786	-1.171
0.352	8.311	28.536	6.143	3.211	1229.450	-1.174
0.353	0.384	28.560	6.110	3.203	1256.257	-1.173
0.355	-0.584	28.542	6.061	3.211	1258.694	-1.168
0.356	-0.694	28.566	6.037	3.211	1256.257	-1.171
0.358	-0.718	28.554	5.996	3.203	1256.257	-1.172
0.360	-0.712	28.542	5.955	3.203	1256.257	-1.173
0.361	-0.712	28.554	5.930	3.211	1264.786	-1.165
0.363	-0.706	28.536	5.906	3.203	1261.131	-1.172
0.364	-0.718	28.548	5.857	3.203	1267.223	-1.176
0.366	-0.718	28.530	5.840	3.203	1273.315	-1.172
0.367	-0.706	28.554	5.816	3.203	1269.660	-1.171
0.369	-0.700	28.530	5.783	3.211	1269.660	-1.168
0.370	-0.700	28.554	5.750	3.211	1267.223	-1.171
0.372	-0.682	28.518	5.734	3.203	1267.223	-1.172
0.374	-0.682	28.560	5.701	3.203	1262.349	-1.171
0.375	-0.682	28.524	5.668	3.211	1266.005	-1.167
0.377	-0.688	28.560	5.644	3.211	1257.475	-1.169
0.378	-0.676	28.536	5.627	3.203	1250.164	-1.179
0.380	-0.670	28.548	5.594	3.194	1256.257	-1.171
0.381	-0.670	28.524	5.570	3.211	1252.601	-1.172
0.383	-0.664	28.554	5.553	3.203	1246.509	-1.173
0.384	-0.664	28.518	5.529	3.211	1248.946	-1.172
0.386	-0.664	28.548	5.504	3.211	1258.694	-1.169
0.387	-0.658	28.542	5.472	3.203	1259.912	-1.171
0.389	-0.658	28.518	5.439	3.211	1263.568	-1.174
0.391	-0.651	28.536	5.422	3.203	1268.441	-1.172
0.392	-0.645	28.530	5.398	3.203	1266.005	-1.173
0.394	-0.639	28.536	5.381	3.211	1264.786	-1.176
0.395	-0.639	28.505	5.349	3.194	1266.005	-1.168
0.397	-0.633	28.530	5.324	3.203	1257.475	-1.176
0.398	-0.627	28.518	5.300	3.203	1258.694	-1.171
0.400	-0.639	28.536	5.283	3.211	1263.568	-1.166
0.401	-0.633	28.493	5.259	3.211	1257.475	-1.169
0.403	-0.627	28.524	5.242	3.211	1251.383	-1.173
0.405	-0.627	28.499	5.218	3.211	1251.383	-1.174
0.406	-0.621	28.530	5.193	3.211	1255.038	-1.172
0.408	-0.621	28.505	5.168	3.219	1264.786	-1.166
0.409	-0.615	28.536	5.160	3.203	1266.005	-1.168
0.411	-0.609	28.493	5.119	3.203	1269.660	-1.173
0.412	-0.609	28.511	5.111	3.203	1275.752	-1.171
0.414	-0.597	28.493	5.078	3.203	1268.441	-1.171
0.415	-0.603	28.518	5.062	3.203	1263.568	-1.174
0.417	-0.603	28.505	5.029	3.194	1262.349	-1.174
0.418	-0.603	28.499	5.013	3.211	1270.878	-1.162
0.420	-0.591	28.499	4.996	3.203	1261.131	-1.168
0.422	-0.591	28.499	4.980	3.211	1256.257	-1.172
0.423	-0.591	28.524	4.956	3.203	1255.038	-1.171
0.425	-0.578	28.493	4.939	3.211	1257.475	-1.169
0.426	-0.584	28.505	4.890	3.194	1257.475	-1.168
0.428	-0.572	28.481	4.906	3.211	1244.072	-1.172
0.429	-0.578	28.505	4.865	3.203	1246.509	-1.171
0.431	-0.578	28.463	4.849	3.203	1255.038	-1.168
0.432	-0.578	28.493	4.816	3.211	1267.223	-1.165
0.434	-0.566	28.463	4.800	3.211	1264.786	-1.167
0.436	-0.560	28.499	4.792	3.211	1262.349	-1.176
0.437	-0.560	28.475	4.767	3.219	1266.005	-1.173
0.439	-0.560	28.499	4.751	3.211	1281.845	-1.158
0.440	-0.554	28.469	4.734	3.211	1263.568	-1.168
0.442	-0.554	28.487	4.702	3.203	1264.786	-1.167
0.443	-0.554	28.463	4.677	3.211	1258.694	-1.173
0.445	-0.536	28.481	4.652	3.227	1257.475	-1.168
0.446	-0.542	28.457	4.644	3.219	1252.601	-1.171
0.448	-0.548	28.469	4.628	3.203	1255.038	-1.168
0.449	-0.542	28.469	4.603	3.211	1256.257	-1.168
0.451	-0.536	28.451	4.579	3.219	1255.038	-1.167
0.453	-0.536	28.475	4.546	3.219	1259.912	-1.165
0.454	-0.530	28.445	4.538	3.203	1258.694	-1.171
0.456	-0.536	28.463	4.521	3.219	1266.005	-1.172
0.457	-0.530	28.426	4.497	3.203	1276.971	-1.165
0.459	-0.524	28.475	4.480	3.211	1273.315	-1.165
0.460	-0.524	28.438	4.464	3.203	1262.349	-1.173
0.462	-0.530	28.469	4.448	3.203	1268.441	-1.166
0.463	-0.518	28.432	4.423	3.211	1267.223	-1.165
0.465	-0.511	28.469	4.399	3.211	1267.223	-1.165
0.467	-0.518	28.438	4.374	3.203	1262.349	-1.165
0.468	-0.505	28.457	4.366	3.219	1256.257	-1.167
0.470	-0.505	28.432	4.349	3.203	1256.257	-1.168
0.471	-0.505	28.438	4.317	3.219	1255.038	-1.166
0.473	-0.505	28.432	4.317	3.219	1253.820	-1.168
0.474	-0.499	28.438	4.284	3.211	1246.509	-1.172
0.476	-0.505	28.445	4.259	3.211	1253.820	-1.165
0.477	-0.493	28.414	4.235	3.203	1258.694	-1.166
0.479	-0.487	28.432	4.218	3.211	1257.475	-1.172
0.480	-0.487	28.420	4.218	3.203	1266.005	-1.168
0.482	-0.481	28.438	4.202	3.211	1268.441	-1.168
0.484	-0.493	28.408	4.177	3.211	1268.441	-1.165
0.485	-0.481	28.426	4.145	3.219	1257.475	-1.177
0.487	-0.481	28.414	4.128	3.203	1266.005	-1.168
0.488	-0.481	28.426	4.112	3.203	1262.349	-1.168
0.490	-0.475	28.402	4.095	3.211	1261.131	-1.166
0.491	-0.475	28.414	4.079	3.203	1261.131	-1.165
0.493	-0.469	28.390	4.063	3.203	1247.727	-1.174
0.494	-0.469	28.420	4.038	3.203	1248.946	-1.173
0.496	-0.463	28.390	4.022	3.219	1258.694	-1.163
0.498	-0.469	28.408	4.005	3.211	1262.349	-1.163
0.499	-0.658	28.390	3.973	3.219	1258.694	-1.169
0.501	41.394	28.396	4.005	3.203	1248.946	-1.173
0.502	48.158	28.384	4.038	3.211	1266.005	-1.171
0.504	48.944	28.378	4.063	3.219	1272.097	-1.166
0.505	49.017	28.396	4.087	3.211	1275.752	-1.163
0.507	49.029	28.353	4.104	3.203	1263.568	-1.169
0.508	49.029	28.371	4.128	3.227	1261.131	-1.169
0.510	49.011	28.353	4.136	3.203	1263.568	-1.166
0.511	49.011	28.396	4.153	3.227	1262.349	-1.166
0.513	49.005	28.347	4.186	3.194	1256.257	-1.172
0.515	49.011	28.378	4.194	3.211	1262.349	-1.165
0.516	49.011	28.341	4.218	3.203	1261.131	-1.162
0.518	49.005	28.371	4.235	3.211	1251.383	-1.167
0.519	49.005	28.329	4.251	3.219	1244.072	-1.167
0.521	49.005	28.359	4.251	3.219	1247.727	-1.169
0.522	48.999	28.347	4.276	3.219	1255.038	-1.165
0.524	48.992	28.353	4.300	3.227	1258.694	-1.167
0.525	48.986	28.341	4.317	3.219	1261.131	-1.168
0.527	48.986	28.329	4.325	3.211	1268.441	-1.168
0.529	48.992	28.341	4.341	3.211	1270.878	-1.166
0.530	48.986	28.341	4.349	3.219	1278.189	-1.162
0.532	48.980	28.353	4.374	3.219	1257.475	-1.171
0.533	48.974	28.317	4.390	3.203	1261.131	-1.171
0.535	48.962	28.347	4.399	3.211	1262.349	-1.162
0.536	48.968	28.304	4.407	3.211	1257.475	-1.167
0.538	48.956	28.347	4.423	3.235	1252.601	-1.172
0.539	48.962	28.311	4.439	3.219	1253.820	-1.171
0.541	48.950	28.311	4.448	3.219	1261.131	-1.167
0.542	48.950	28.286	4.456	3.211	1247.727	-1.171
0.544	48.944	28.256	4.464	3.211	1258.694	-1.167
0.546	48.950	28.256	4.489	3.219	1261.131	-1.168
0.547	48.938	28.250	4.489	3.219	1267.223	-1.167
0.549	48.938	28.250	4.513	3.219	1273.315	-1.163
0.550	48.932	28.298	4.521	3.211	1269.660	-1.168
0.552	48.919	28.292	4.513	3.219	1264.786	-1.171
0.553	48.919	28.347	4.538	3.219	1268.441	-1.167
0.555	48.913	28.396	4.562	3.219	1270.878	-1.162
0.556	48.913	28.451	4.562	3.203	1258.694	-1.171
0.558	48.913	28.505	4.579	3.227	1257.475	-1.169
0.560	48.907	28.548	4.587	3.227	1255.038	-1.171
0.561	48.901	28.585	4.595	3.211	1256.257	-1.169
0.563	48.895	28.621	4.603	3.227	1255.038	-1.166
0.564	48.883	28.652	4.611	3.211	1251.383	-1.168
0.566	48.901	28.688	4.628	3.219	1246.509	-1.168
0.567	48.895	28.712	4.636	3.211	1252.601	-1.167
0.569	48.895	28.737	4.652	3.227	1261.131	-1.165
0.570	48.895	28.761	4.669	3.227	1257.475	-1.173
0.572	48.889	28.785	4.677	3.211	1264.786	-1.172
0.573	48.883	28.804	4.685	3.227	1272.097	-1.168
0.575	48.889	28.816	4.693	3.219	1264.786	-1.169
0.577	48.889	28.846	4.710	3.219	1261.131	-1.169
0.578	48.883	28.804	4.718	3.211	1259.912	-1.169
0.580	48.877	28.822	4.718	3.219	1261.131	-1.169
0.581	48.877	28.798	4.734	3.219	1258.694	-1.168
0.583	48.865	28.804	4.759	3.227	1257.475	-1.167
0.584	48.877	28.810	4.759	3.211	1253.820	-1.171
0.586	48.871	28.785	4.759	3.219	1252.601	-1.168
0.587	48.865	28.779	4.783	3.211	1259.912	-1.165
0.589	48.865	28.785	4.783	3.211	1252.601	-1.171
0.591	48.859	28.761	4.800	3.211	1255.038	-1.177
0.592	48.859	28.767	4.808	3.219	1267.223	-1.169
0.594	48.865	28.737	4.816	3.219	1278.189	-1.163
0.595	48.859	28.761	4.816	3.211	1268.441	-1.169
0.597	48.865	28.737	4.833	3.211	1268.441	-1.169
0.598	48.852	28.755	4.849	3.219	1272.097	-1.166
0.600	48.852	28.718	4.865	3.219	1264.786	-1.168
0.601	48.846	28.749	4.865	3.211	1266.005	-1.167
0.603	48.846	28.718	4.882	3.211	1261.131	-1.169
0.604	48.852	28.731	4.882	3.219	1256.257	-1.171
0.606	48.846	28.694	4.898	3.203	1253.820	-1.173
0.608	48.852	28.731	4.906	3.203	1257.475	-1.169
0.609	48.846	28.694	4.923	3.203	1250.164	-1.172
0.611	48.840	28.700	4.915	3.211	1244.072	-1.171
0.612	48.840	28.682	4.931	3.211	1253.820	-1.166
0.614	48.840	28.694	4.947	3.211	1256.257	-1.167
0.615	48.834	28.682	4.956	3.219	1258.694	-1.171
0.617	48.828	28.664	4.956	3.211	1264.786	-1.172
0.618	48.828	28.670	4.972	3.211	1269.660	-1.167
0.620	48.834	28.645	4.988	3.211	1267.223	-1.171
0.622	48.828	28.658	4.996	3.211	1252.601	-1.184
0.623	48.822	28.627	5.005	3.203	1259.912	-1.177
0.625	48.816	28.645	5.005	3.211	1263.568	-1.171
0.626	48.816	28.615	5.013	3.219	1262.349	-1.168
0.628	48.810	28.633	5.021	3.211	1250.164	-1.176
0.629	48.810	28.591	5.021	3.194	1253.820	-1.173
0.631	48.816	28.615	5.046	3.219	1261.131	-1.167
0.632	48.810	28.578	5.054	3.227	1267.223	-1.167
0.634	48.792	28.609	5.062	3.211	1255.038	-1.168
0.635	48.792	28.578	5.078	3.211	1253.820	-1.172
0.637	48.792	28.578	5.078	3.211	1264.786	-1.172
0.639	48.792	28.560	5.087	3.211	1269.660	-1.171
0.640	48.792	28.566	5.111	3.219	1269.660	-1.171
0.642	48.773	28.566	5.111	3.219	1267.223	-1.171
0.643	48.792	28.530	5.111	3.211	1266.005	-1.171
0.645	48.779	28.542	5.119	3.203	1264.786	-1.172
0.646	48.767	28.530	5.136	3.219	1264.786	-1.169
0.648	48.767	28.548	5.144	3.211	1258.694	-1.176
0.649	48.767	28.511	5.152	3.219	1259.912	-1.172
0.651	48.767	28.524	5.168	3.219	1264.786	-1.166
0.653	48.761	28.481	5.177	3.211	1256.257	-1.168
0.654	48.767	28.518	5.185	3.219	1255.038	-1.173
0.656	48.767	28.475	5.193	3.203	1252.601	-1.173
0.657	48.755	28.493	5.201	3.219	1247.727	-1.169
0.659	48.761	28.463	5.209	3.219	1247.727	-1.174
0.660	48.767	28.487	5.209	3.203	1253.820	-1.172
0.662	48.761	28.451	5.226	3.211	1261.131	-1.171
0.663	48.761	28.463	5.234	3.203	1266.005	-1.174
0.665	48.743	28.457	5.242	3.211	1275.752	-1.166
0.666	48.761	28.438	5.259	3.203	1268.441	-1.169
0.668	48.755	28.451	5.250	3.211	1261.131	-1.177
0.670	48.743	28.432	5.267	3.211	1262.349	-1.172
0.671	48.749	28.445	5.275	3.211	1268.441	-1.166
0.673	48.743	28.414	5.291	3.211	1258.694	-1.171
0.674	48.737	28.432	5.283	3.219	1253.820	-1.176
0.676	48.731	28.390	5.308	3.211	1252.601	-1.174
0.677	48.743	28.426	5.308	3.211	1248.946	-1.176
0.679	48.731	28.396	5.332	3.211	1253.820	-1.172
0.680	48.731	28.426	5.332	3.211	1258.694	-1.173
0.682	48.725	28.396	5.340	3.219	1261.131	-1.174
0.684	48.731	28.426	5.340	3.211	1264.786	-1.174
0.685	48.731	28.390	5.349	3.219	1276.971	-1.169
0.687	48.719	28.396	5.365	3.211	1270.878	-1.174
0.688	48.712	28.378	5.381	3.211	1268.441	-1.176
0.690	48.712	28.371	5.390	3.211	1267.223	-1.173
0.691	48.731	28.359	5.390	3.219	1263.568	-1.176
0.693	48.719	28.365	5.398	3.219	1258.694	-1.178
0.694	48.731	28.371	5.414	3.203	1261.131	-1.174
0.696	48.725	28.335	5.406	3.211	1261.131	-1.171
0.697	48.719	28.359	5.414	3.211	1258.694	-1.171
0.699	48.719	28.341	5.431	3.211	1255.038	-1.172
0.701	48.706	28.359	5.439	3.203	1256.257	-1.173
0.702	48.706	28.329	5.455	3.211	1251.383	-1.172
0.704	48.706	28.365	5.447	3.203	1257.475	-1.168
0.705	48.700	28.335	5.472	3.219	1247.727	-1.178
0.707	48.706	28.353	5.472	3.211	1255.038	-1.179
0.708	48.694	28.323	5.480	3.219	1269.660	-1.169
0.710	48.694	28.347	5.480	3.211	1274.534	-1.168
0.711	48.700	28.329	5.488	3.211	1267.223	-1.173
0.713	48.688	28.335	5.504	3.211	1268.441	-1.171
0.715	48.688	28.317	5.512	3.219	1266.005	-1.172
0.716	48.682	28.329	5.537	3.211	1261.131	-1.174
0.718	48.676	28.317	5.521	3.203	1266.005	-1.168
0.719	48.676	28.304	5.537	3.219	1258.694	-1.173
0.721	48.676	28.311	5.545	3.211	1255.038	-1.174
0.722	48.676	28.311	5.545	3.203	1258.694	-1.173
0.724	48.670	28.329	5.562	3.203	1255.038	-1.174
0.725	48.670	28.292	5.570	3.219	1247.727	-1.182
0.727	48.658	28.329	5.578	3.219	1259.912	-1.176
0.728	48.658	28.286	5.578	3.219	1268.441	-1.171
0.730	48.652	28.329	5.594	3.211	1268.441	-1.176
0.732	48.652	28.304	5.594	3.211	1273.315	-1.173
0.733	48.639	28.311	5.611	3.219	1270.878	-1.173
0.735	48.639	28.280	5.603	3.211	1269.660	-1.173
0.736	48.639	28.311	5.635	3.219	1267.223	-1.173
0.738	48.645	28.286	5.635	3.219	1263.568	-1.176
0.739	48.633	28.311	5.644	3.219	1258.694	-1.177
0.741	48.645	28.286	5.644	3.219	1259.912	-1.174
0.742	48.639	28.292	5.652	3.211	1262.349	-1.168
0.744	48.639	28.286	5.668	3.211	1252.601	-1.177
0.746	48.639	28.292	5.676	3.219	1248.946	-1.179
0.747	48.633	28.292	5.684	3.227	1255.038	-1.172
0.749	48.627	28.268	5.693	3.211	1255.038	-1.169
0.750	48.627	28.298	5.693	3.211	1255.038	-1.173
0.752	48.633	28.286	5.701	3.211	1257.475	-1.174
0.753	48.633	28.317	5.701	3.211	1263.568	-1.174
0.755	48.633	28.268	5.717	3.211	1268.441	-1.174
0.756	48.627	28.304	5.709	3.219	1268.441	-1.173
0.758	48.621	28.280	5.734	3.211	1264.786	-1.177
0.759	48.627	28.304	5.742	3.211	1263.568	-1.177
0.761	48.615	28.262	5.758	3.219	1259.912	-1.178
0.763	48.615	28.311	5.758	3.227	1261.131	-1.173
0.764	48.615	28.280	5.750	3.211	1257.475	-1.177
0.766	48.615	28.311	5.783	3.219	1257.475	-1.176
0.767	48.609	28.280	5.783	3.211	1261.131	-1.172
0.769	48.609	28.298	5.791	3.219	1255.038	-1.174
0.770	48.609	28.274	5.783	3.219	1248.946	-1.177
0.772	48.603	28.298	5.807	3.211	1258.694	-1.174
0.773	48.603	28.286	5.799	3.219	1263.568	-1.172
0.775	48.615	28.274	5.816	3.211	1269.660	-1.174
0.777	48.603	28.292	5.816	3.211	1272.097	-1.177
0.778	48.603	28.286	5.832	3.227	1268.441	-1.176
0.780	48.597	28.311	5.840	3.219	1269.660	-1.176
0.781	48.603	28.268	5.840	3.219	1270.878	-1.171
0.783	48.591	28.304	5.857	3.211	1266.005	-1.177
0.784	48.597	28.268	5.873	3.219	1263.568	-1.173
0.786	48.597	28.317	5.881	3.227	1266.005	-1.172
0.787	48.591	28.274	5.881	3.219	1264.786	-1.171
0.789	48.591	28.311	5.889	3.219	1256.257	-1.174
0.790	48.591	28.274	5.889	3.211	1250.164	-1.178
0.792	48.578	28.304	5.897	3.219	1250.164	-1.176
0.794	48.585	28.280	5.906	3.227	1246.509	-1.176
0.795	48.578	28.298	5.914	3.219	1251.383	-1.174
0.797	48.572	28.274	5.922	3.211	1255.038	-1.173
0.798	48.572	28.304	5.938	3.227	1259.912	-1.177
0.800	48.566	28.292	5.938	3.211	1267.223	-1.173
0.801	48.566	28.298	5.938	3.211	1270.878	-1.174
0.803	48.560	28.298	5.963	3.227	1264.786	-1.178
0.804	48.554	28.286	5.963	3.227	1259.912	-1.179
0.806	48.560	28.298	5.963	3.219	1267.223	-1.172
0.808	48.560	28.280	5.963	3.211	1261.131	-1.178
0.809	48.548	28.311	5.979	3.227	1258.694	-1.174
0.811	48.554	28.292	5.988	3.219	1255.038	-1.178
0.812	48.536	28.317	5.988	3.227	1257.475	-1.176
0.814	48.548	28.286	5.996	3.219	1251.383	-1.176
0.815	48.536	28.317	6.012	3.219	1253.820	-1.172
0.817	48.542	28.292	6.029	3.203	1257.475	-1.174
0.818	48.536	28.317	6.029	3.219	1263.568	-1.176
0.820	48.524	28.280	6.037	3.211	1273.315	-1.168
0.821	48.530	28.311	6.037	3.227	1270.878	-1.177
0.823	48.518	28.292	6.045	3.219	1268.441	-1.180
0.825	48.524	28.317	6.045	3.219	1273.315	-1.172
0.826	48.518	28.298	6.061	3.219	1270.878	-1.174
0.828	48.530	28.317	6.053	3.211	1258.694	-1.178
0.829	48.536	28.304	6.069	3.219	1262.349	-1.176
0.831	48.542	28.304	6.069	3.211	1263.568	-1.173
0.832	48.512	28.311	6.069	3.227	1258.694	-1.174
0.834	48.518	28.298	6.086	3.227	1259.912	-1.172
0.835	48.505	28.317	6.086	3.219	1258.694	-1.173
0.837	48.518	28.298	6.102	3.227	1252.601	-1.176
0.839	48.512	28.329	6.110	3.211	1246.509	-1.174
0.840	48.512	28.292	6.110	3.219	1248.946	-1.174
0.842	48.512	28.329	6.110	3.227	1252.601	-1.178
0.843	48.505	28.304	6.135	3.211	1257.475	-1.178
0.845	48.505	28.323	6.127	3.227	1269.660	-1.172
0.846	48.505	28.292	6.143	3.219	1264.786	-1.177
0.848	48.512	28.323	6.143	3.219	1266.005	-1.177
0.849	48.512	28.304	6.143	3.211	1259.912	-1.185
0.851	32.365	28.323	6.119	3.219	1318.399	-1.154
0.852	3.154	28.298	6.094	3.227	1262.349	-1.171
0.854	-0.237	28.329	6.069	3.219	1259.912	-1.173
0.856	-0.645	28.311	6.037	3.219	1258.694	-1.174
0.857	-0.700	28.329	5.988	3.211	1256.257	-1.177
0.859	-0.725	28.323	5.963	3.219	1258.694	-1.172
0.860	-0.718	28.335	5.930	3.219	1253.820	-1.180
0.862	-0.706	28.329	5.889	3.219	1251.383	-1.179
0.863	-0.718	28.304	5.873	3.227	1262.349	-1.171
0.865	-0.706	28.329	5.824	3.219	1269.660	-1.172
0.866	-0.694	28.311	5.807	3.219	1270.878	-1.173
0.868	-0.706	28.341	5.766	3.211	1268.441	-1.179
0.870	-0.688	28.311	5.742	3.211	1269.660	-1.176
0.871	-0.682	28.347	5.717	3.227	1268.441	-1.173
0.873	-0.688	28.317	5.684	3.227	1267.223	-1.172
0.874	-0.688	28.347	5.668	3.219	1262.349	-1.176
0.876	-0.682	28.323	5.635	3.219	1259.912	-1.176
0.877	-0.676	28.359	5.627	3.219	1261.131	-1.173
0.879	-0.670	28.323	5.594	3.227	1258.694	-1.174
0.880	-0.670	28.365	5.553	3.219	1248.946	-1.179
0.882	-0.664	28.335	5.529	3.211	1256.257	-1.174
0.883	-0.664	28.347	5.512	3.219	1258.694	-1.166
0.885	-0.651	28.329	5.463	3.219	1247.727	-1.176
0.887	-0.658	28.323	5.455	3.211	1251.383	-1.176
0.888	-0.651	28.317	5.431	3.219	1256.257	-1.174
0.890	-0.651	28.359	5.414	3.227	1263.568	-1.174
0.891	-0.639	28.353	5.390	3.219	1268.441	-1.174
0.893	-0.645	28.335	5.349	3.211	1266.005	-1.174
0.894	-0.633	28.359	5.332	3.211	1264.786	-1.176
0.896	-0.633	28.329	5.316	3.219	1266.005	-1.172
0.897	-0.633	28.353	5.300	3.219	1270.878	-1.167
0.899	-0.633	28.329	5.275	3.227	1258.694	-1.173
0.901	-0.621	28.353	5.242	3.219	1256.257	-1.179
0.902	-0.615	28.323	5.226	3.227	1259.912	-1.172
0.904	-0.627	28.359	5.193	3.219	1257.475	-1.171
0.905	-0.621	28.341	5.177	3.219	1250.164	-1.174
0.907	-0.615	28.359	5.160	3.235	1251.383	-1.176
0.908	-0.609	28.323	5.128	3.227	1257.475	-1.173
0.910	-0.603	28.365	5.111	3.219	1261.131	-1.173
0.911	-0.609	28.335	5.078	3.227	1269.660	-1.169
0.913	-0.603	28.347	5.054	3.227	1272.097	-1.172
0.914	-0.597	28.335	5.037	3.219	1272.097	-1.173
0.916	-0.603	28.365	5.021	3.227	1268.441	-1.172
0.918	-0.591	28.353	4.996	3.219	1266.005	-1.174
0.919	-0.584	28.341	4.972	3.211	1267.223	-1.171
0.921	-0.584	28.347	4.956	3.227	1266.005	-1.172
0.922	-0.584	28.365	4.923	3.227	1266.005	-1.167
0.924	-0.578	28.378	4.915	3.219	1252.601	-1.174
0.925	-0.584	28.353	4.890	3.219	1253.820	-1.174
0.927	-0.578	28.365	4.882	3.227	1255.038	-1.173
0.928	-0.572	28.335	4.849	3.211	1258.694	-1.166
0.930	-0.578	28.365	4.833	3.219	1248.946	-1.171
0.932	-0.566	28.335	4.808	3.203	1247.727	-1.174
0.933	-0.560	28.371	4.775	3.203	1251.383	-1.176
0.935	-0.560	28.335	4.775	3.227	1259.912	-1.171
0.936	-0.560	28.384	4.751	3.211	1274.534	-1.163
0.938	-0.560	28.341	4.734	3.211	1263.568	-1.174
0.939	-0.548	28.371	4.710	3.219	1263.568	-1.178
0.941	-0.554	28.359	4.677	3.227	1280.626	-1.160
0.942	-0.554	28.365	4.652	3.211	1272.097	-1.166
0.944	-0.548	28.347	4.636	3.211	1259.912	-1.172
0.945	-0.542	28.378	4.620	3.219	1261.131	-1.172
0.947	-0.536	28.365	4.611	3.211	1258.694	-1.174
0.949	-0.536	28.359	4.579	3.211	1257.475	-1.172
0.950	-0.530	28.353	4.562	3.211	1256.257	-1.171
0.952	-0.536	28.371	4.530	3.219	1257.475	-1.169
0.953	-0.530	28.384	4.521	3.219	1256.257	-1.169
0.955	-0.524	28.353	4.497	3.219	1261.131	-1.167
0.956	-0.524	28.384	4.480	3.219	1266.005	-1.169
0.958	-0.511	28.353	4.464	3.211	1262.349	-1.177
0.959	-0.524	28.390	4.448	3.219	1274.534	-1.167
0.961	-0.518	28.371	4.423	3.211	1275.752	-1.165
0.963	-0.499	28.402	4.399	3.227	1266.005	-1.171
0.964	-0.493	28.371	4.374	3.227	1264.786	-1.169
0.966	-0.493	28.396	4.358	3.219	1261.131	-1.172
0.967	-0.518	28.365	4.325	3.219	1262.349	-1.169
0.969	-0.505	28.390	4.308	3.219	1261.131	-1.169
0.970	-0.493	28.359	4.300	3.219	1257.475	-1.172
0.972	-0.499	28.378	4.259	3.203	1255.038	-1.173
0.973	-0.444	28.365	4.251	3.219	1255.038	-1.171
0.975	-0.499	28.396	4.218	3.227	1262.349	-1.162
0.976	-0.487	28.378	4.218	3.211	1247.727	-1.169
0.978	-0.481	28.396	4.186	3.211	1248.946	-1.176
0.980	-0.487	28.384	4.186	3.211	1258.694	-1.169
0.981	-0.475	28.371	4.145	3.211	1266.005	-1.168
0.983	-0.469	28.390	4.136	3.211	1267.223	-1.171
0.984	-0.475	28.378	4.120	3.219	1272.097	-1.168
0.986	-0.463	28.384	4.095	3.211	1266.005	-1.173
0.987	-0.475	28.359	4.071	3.227	1262.349	-1.172
0.989	-0.469	28.384	4.055	3.219	1263.568	-1.168
0.990	-0.469	28.347	4.038	3.219	1261.131	-1.171
0.992	-0.457	28.378	4.022	3.219	1259.912	-1.168
0.994	-0.457	28.353	3.997	3.227	1256.257	-1.169
0.995	-0.457	28.384	3.981	3.211	1253.820	-1.167
0.997	-0.463	28.335	3.964	3.219	1242.853	-1.174
0.998	-0.457	28.365	3.940	3.211	1255.038	-1.168
1.000	21.449	28.347	3.981	3.211	1229.450	-1.215
1.001	45.833	28.365	3.981	3.211	1251.383	-1.174
1.003	48.688	28.317	3.989	3.219	1262.349	-1.174
1.004	49.005	28.341	4.005	3.203	1272.097	-1.169
1.006	49.029	28.311	4.030	3.211	1272.097	-1.166
1.007	49.029	28.341	4.063	3.203	1269.660	-1.166
1.009	49.029	28.323	4.071	3.219	1263.568	-1.169
1.011	49.023	28.329	4.095	3.203	1266.005	-1.166
1.012	49.017	28.335	4.112	3.211	1263.568	-1.167
1.014	49.017	28.317	4.128	3.203	1261.131	-1.167
1.015	49.005	28.329	4.145	3.219	1253.820	-1.172
1.017	49.017	28.298	4.169	3.203	1255.038	-1.171
1.018	48.999	28.335	4.169	3.211	1264.786	-1.161
1.020	48.999	28.298	4.202	3.227	1261.131	-1.161
1.021	48.992	28.335	4.210	3.203	1248.946	-1.166
1.023	48.999	28.298	4.218	3.211	1247.727	-1.171
1.025	49.005	28.341	4.235	3.211	1253.820	-1.169
1.026	48.999	28.317	4.251	3.211	1259.912	-1.171
1.028	48.992	28.341	4.276	3.211	1266.005	-1.167
1.029	48.986	28.317	4.267	3.203	1269.660	-1.169
1.031	48.980	28.341	4.292	3.203	1267.223	-1.171
1.032	48.968	28.304	4.317	3.219	1281.845	-1.156
1.034	48.974	28.335	4.325	3.203	1267.223	-1.168
1.035	48.974	28.317	4.341	3.211	1253.820	-1.176
1.037	48.980	28.335	4.349	3.194	1262.349	-1.168
1.038	48.980	28.323	4.349	3.211	1264.786	-1.163
1.040	48.974	28.341	4.366	3.194	1252.601	-1.172
1.042	48.980	28.329	4.382	3.203	1252.601	-1.169
1.043	48.962	28.323	4.407	3.211	1255.038	-1.168
1.045	48.962	28.335	4.399	3.203	1255.038	-1.168
1.046	48.956	28.347	4.415	3.203	1258.694	-1.172
1.048	48.962	28.359	4.431	3.194	1261.131	-1.172
1.049	48.956	28.329	4.439	3.211	1269.660	-1.169
1.051	48.950	28.365	4.448	3.203	1273.315	-1.168
1.052	48.944	28.335	4.472	3.211	1280.626	-1.161
1.054	48.944	28.353	4.464	3.211	1267.223	-1.167
1.056	48.944	28.329	4.489	3.211	1266.005	-1.169
1.057	48.932	28.365	4.497	3.211	1269.660	-1.163
1.059	48.932	28.329	4.505	3.203	1267.223	-1.165
1.060	48.932	28.365	4.505	3.203	1258.694	-1.169
1.062	48.926	28.335	4.530	3.203	1257.475	-1.169
1.063	48.932	28.371	4.546	3.211	1256.257	-1.169
1.065	48.913	28.341	4.546	3.203	1250.164	-1.171
1.066	48.919	28.365	4.571	3.211	1250.164	-1.169
1.068	48.907	28.347	4.571	3.211	1250.164	-1.166
1.069	48.907	28.371	4.587	3.211	1248.946	-1.169
1.071	48.907	28.347	4.603	3.203	1257.475	-1.169
1.073	48.901	28.359	4.603	3.219	1264.786	-1.167
1.074	48.901	28.365	4.611	3.194	1269.660	-1.168
1.076	48.901	28.353	4.628	3.211	1272.097	-1.169
1.077	48.895	28.371	4.628	3.211	1268.441	-1.167
1.079	48.895	28.371	4.644	3.203	1261.131	-1.173
1.080	48.889	28.378	4.652	3.219	1257.475	-1.172
1.082	48.877	28.347	4.669	3.211	1259.912	-1.172
1.083	48.877	28.390	4.693	3.194	1262.349	-1.168
1.085	48.871	28.353	4.669	3.211	1256.257	-1.168
1.087	48.871	28.390	4.693	3.219	1252.601	-1.171
1.088	48.871	28.359	4.710	3.203	1250.164	-1.169
1.090	48.877	28.396	4.710	3.211	1253.820	-1.167
1.091	48.877	28.359	4.734	3.211	1266.005	-1.166
1.093	48.877	28.402	4.734	3.203	1257.475	-1.174
1.094	48.877	28.378	4.743	3.186	1263.568	-1.174
1.096	48.871	28.402	4.759	3.219	1278.189	-1.165
1.097	48.877	28.371	4.759	3.211	1269.660	-1.169
1.099	48.859	28.408	4.767	3.211	1268.441	-1.169
1.100	48.865	28.390	4.792	3.203	1258.694	-1.176
1.102	48.865	28.390	4.792	3.203	1263.568	-1.171
1.104	48.859	28.396	4.800	3.203	1264.786	-1.167
1.105	48.859	28.390	4.808	3.211	1263.568	-1.166
1.107	48.846	28.396	4.808	3.211	1258.694	-1.169
1.108	48.852	28.390	4.824	3.211	1256.257	-1.171
1.110	48.840	28.408	4.841	3.194	1263.568	-1.163
1.111	48.846	28.378	4.841	3.203	1248.946	-1.172
1.113	48.846	28.414	4.849	3.203	1242.853	-1.178
1.114	48.846	28.359	4.857	3.211	1252.601	-1.171
1.116	48.834	28.402	4.874	3.211	1258.694	-1.167
1.118	48.834	28.378	4.882	3.211	1258.694	-1.173
1.119	48.840	28.414	4.890	3.211	1266.005	-1.171
1.121	48.834	28.390	4.906	3.219	1270.878	-1.169
1.122	48.834	28.402	4.906	3.219	1270.878	-1.169
1.124	48.834	28.371	4.915	3.211	1280.626	-1.161
1.125	48.840	28.402	4.931	3.211	1261.131	-1.172
1.127	48.828	28.384	4.931	3.211	1259.912	-1.173
1.128	48.834	28.408	4.939	3.203	1261.131	-1.172
1.130	48.822	28.384	4.964	3.211	1258.694	-1.169
1.131	48.840	28.414	4.972	3.211	1252.601	-1.173
1.133	48.828	28.390	4.980	3.203	1252.601	-1.171
1.135	48.828	28.402	4.988	3.211	1259.912	-1.166
1.136	48.828	28.396	4.988	3.211	1253.820	-1.171
1.138	48.828	28.402	5.005	3.203	1259.912	-1.172
1.139	48.822	28.408	4.996	3.203	1267.223	-1.168
1.141	48.810	28.408	5.005	3.211	1273.315	-1.167
1.142	48.810	28.426	5.021	3.211	1269.660	-1.169
1.144	48.816	28.402	5.037	3.211	1266.005	-1.173
1.145	48.804	28.432	5.029	3.203	1267.223	-1.173
1.147	48.810	28.396	5.046	3.211	1269.660	-1.168
1.149	48.798	28.432	5.062	3.211	1266.005	-1.167
1.150	48.798	28.408	5.062	3.203	1258.694	-1.174
1.152	48.804	28.426	5.087	3.211	1255.038	-1.174
1.153	48.785	28.390	5.078	3.211	1264.786	-1.168
1.155	48.792	28.426	5.095	3.211	1262.349	-1.166
1.156	48.779	28.408	5.111	3.194	1257.475	-1.168
1.158	48.779	28.426	5.111	3.203	1246.509	-1.177
1.159	48.773	28.396	5.111	3.211	1248.946	-1.172
1.161	48.779	28.426	5.128	3.203	1250.164	-1.173
1.162	48.773	28.414	5.128	3.211	1257.475	-1.173
1.164	48.767	28.426	5.144	3.194	1261.131	-1.174
1.166	48.755	28.414	5.144	3.211	1266.005	-1.172
1.167	48.761	28.438	5.152	3.211	1268.441	-1.173
1.169	48.767	28.438	5.160	3.203	1258.694	-1.179
1.170	48.755	28.426	5.168	3.211	1259.912	-1.176
1.172	48.755	28.445	5.185	3.203	1261.131	-1.172
1.173	48.749	28.420	5.201	3.211	1267.223	-1.168
1.175	48.755	28.432	5.201	3.211	1258.694	-1.168
1.176	48.755	28.414	5.209	3.203	1252.601	-1.174
1.178	48.761	28.445	5.218	3.211	1253.820	-1.174
1.180	48.755	28.420	5.226	3.211	1248.946	-1.173
1.181	48.755	28.445	5.226	3.211	1253.820	-1.171
1.183	48.749	28.420	5.242	3.194	1255.038	-1.173
1.184	48.749	28.445	5.250	3.203	1261.131	-1.171
1.186	48.743	28.432	5.259	3.219	1267.223	-1.169
1.187	48.743	28.451	5.267	3.203	1279.408	-1.165
1.189	48.737	28.426	5.275	3.203	1274.534	-1.167
1.190	48.743	28.451	5.300	3.203	1262.349	-1.179
1.192	48.737	28.426	5.300	3.211	1267.223	-1.174
1.193	48.725	28.451	5.300	3.219	1266.005	-1.168
1.195	48.731	28.420	5.308	3.203	1259.912	-1.172
1.197	48.725	28.445	5.308	3.203	1256.257	-1.174
1.198	48.725	28.426	5.324	3.211	1257.475	-1.174
1.200	48.725	28.438	5.324	3.203	1253.820	-1.176
1.201	48.731	28.438	5.340	3.211	1253.820	-1.173
1.203	48.725	28.420	5.349	3.203	1253.820	-1.171
1.204	48.731	28.426	5.357	3.203	1247.727	-1.172
1.206	48.712	28.420	5.365	3.194	1251.383	-1.171
1.207	48.725	28.432	5.365	3.203	1255.038	-1.172
1.209	48.719	28.414	5.398	3.211	1257.475	-1.174
1.211	48.719	28.432	5.381	3.203	1266.005	-1.174
1.212	48.719	28.402	5.406	3.194	1273.315	-1.168
1.214	48.706	28.438	5.406	3.194	1267.223	-1.174
1.215	48.719	28.396	5.422	3.203	1263.568	-1.171
1.217	48.719	28.426	5.422	3.203	1263.568	-1.172
1.218	48.700	28.396	5.439	3.194	1263.568	-1.172
1.220	48.719	28.414	5.447	3.203	1263.568	-1.171
1.221	48.706	28.378	5.439	3.194	1262.349	-1.169
1.223	48.700	28.414	5.472	3.194	1256.257	-1.173
1.224	48.706	28.384	5.463	3.194	1255.038	-1.171
1.226	48.700	28.402	5.488	3.194	1256.257	-1.174
1.228	48.694	28.378	5.480	3.203	1251.383	-1.174
1.229	48.694	28.402	5.488	3.194	1253.820	-1.177
1.231	48.688	28.378	5.496	3.203	1269.660	-1.169
1.232	48.676	28.371	5.512	3.203	1269.660	-1.173
1.234	48.676	28.378	5.529	3.203	1269.660	-1.176
1.235	48.682	28.378	5.521	3.203	1269.660	-1.172
1.237	48.682	28.384	5.529	3.194	1269.660	-1.171
1.238	48.682	28.371	5.537	3.194	1272.097	-1.166
1.240	48.670	28.384	5.553	3.203	1261.131	-1.173
1.242	48.670	28.378	5.545	3.194	1257.475	-1.174
1.243	48.658	28.396	5.570	3.203	1259.912	-1.173
1.245	48.658	28.365	5.562	3.203	1262.349	-1.167
1.246	48.652	28.396	5.586	3.194	1253.820	-1.173
1.248	48.652	28.378	5.586	3.194	1245.290	-1.182
1.249	48.639	28.396	5.603	3.203	1251.383	-1.174
1.251	48.639	28.359	5.603	3.186	1256.257	-1.168
1.252	48.639	28.390	5.619	3.203	1253.820	-1.171
1.254	48.639	28.365	5.627	3.194	1259.912	-1.171
1.255	48.639	28.384	5.627	3.194	1259.912	-1.174
1.257	48.633	28.365	5.627	3.203	1267.223	-1.174
1.259	48.633	28.390	5.635	3.194	1268.441	-1.173
1.260	48.633	28.365	5.644	3.186	1264.786	-1.172
1.262	48.633	28.384	5.660	3.194	1258.694	-1.178
1.263	48.633	28.359	5.668	3.186	1261.131	-1.173
1.265	48.633	28.396	5.668	3.178	1263.568	-1.173
1.266	48.633	28.384	5.676	3.203	1255.038	-1.173
1.268	48.633	28.384	5.693	3.203	1253.820	-1.176
1.269	48.615	28.378	5.701	3.194	1257.475	-1.169
1.271	48.615	28.365	5.709	3.203	1252.601	-1.168
1.273	48.621	28.390	5.709	3.194	1250.164	-1.174
1.274	48.621	28.359	5.734	3.203	1258.694	-1.173
1.276	48.615	28.390	5.725	3.186	1261.131	-1.174
1.277	48.615	28.365	5.725	3.186	1269.660	-1.172
1.279	48.621	28.396	5.742	3.203	1269.660	-1.172
1.280	48.615	28.359	5.750	3.194	1268.441	-1.173
1.282	48.621	28.402	5.750	3.194	1267.223	-1.176
1.283	48.609	28.359	5.775	3.203	1270.878	-1.171
1.285	48.609	28.396	5.775	3.186	1269.660	-1.167
1.286	48.609	28.371	5.783	3.194	1262.349	-1.174
1.288	48.603	28.396	5.783	3.203	1262.349	-1.176
1.290	48.603	28.359	5.807	3.194	1262.349	-1.171
1.291	48.609	28.384	5.807	3.194	1255.038	-1.173
1.293	48.591	28.353	5.807	3.194	1252.601	-1.174
1.294	48.603	28.371	5.824	3.194	1251.383	-1.176
1.296	48.591	28.353	5.832	3.194	1247.727	-1.172
1.297	48.591	28.347	5.840	3.194	1246.509	-1.176
1.299	48.597	28.341	5.857	3.194	1252.601	-1.173
1.300	48.597	28.353	5.857	3.186	1261.131	-1.171
1.302	48.591	28.359	5.865	3.194	1270.878	-1.169
1.304	48.578	28.335	5.865	3.194	1270.878	-1.169
1.305	48.585	28.359	5.873	3.194	1261.131	-1.176
1.307	48.585	28.359	5.889	3.194	1252.601	-1.182
1.308	48.585	28.365	5.889	3.194	1264.786	-1.172
1.310	48.578	28.335	5.906	3.203	1266.005	-1.169
1.311	48.578	28.378	5.906	3.178	1259.912	-1.176
1.313	48.578	28.353	5.897	3.186	1252.601	-1.178
1.314	48.566	28.390	5.922	3.186	1253.820	-1.174
1.316	48.578	28.353	5.930	3.203	1252.601	-1.172
1.317	48.560	28.384	5.930	3.186	1257.475	-1.172
1.319	48.560	28.365	5.938	3.194	1256.257	-1.172
1.321	48.560	28.390	5.947	3.186	1257.475	-1.173
1.322	48.554	28.378	5.955	3.194	1264.786	-1.173
1.324	48.548	28.390	5.971	3.203	1268.441	-1.172
1.325	48.548	28.378	5.971	3.203	1268.441	-1.179
1.327	48.554	28.396	5.971	3.186	1267.223	-1.178
1.328	48.542	28.371	5.988	3.194	1274.534	-1.167
1.330	48.536	28.396	5.996	3.194	1266.005	-1.171
1.331	48.542	28.378	6.004	3.194	1261.131	-1.177
1.333	48.542	28.390	6.012	3.194	1261.131	-1.172
1.335	48.530	28.384	6.020	3.194	1259.912	-1.173
1.336	48.524	28.384	6.029	3.186	1259.912	-1.172
1.338	48.518	28.402	6.029	3.194	1256.257	-1.173
1.339	48.518	28.378	6.037	3.186	1253.820	-1.174
1.341	48.518	28.408	6.045	3.203	1247.727	-1.176
1.342	48.512	28.384	6.061	3.194	1257.475	-1.169
1.344	48.512	28.408	6.061	3.194	1247.727	-1.174
1.345	48.512	28.378	6.086	3.194	1248.946	-1.182
1.347	48.512	28.402	6.094	3.194	1263.568	-1.172
1.348	48.505	28.390	6.078	3.194	1267.223	-1.172
1.350	48.505	28.414	6.094	3.203	1264.786	-1.174
1.352	13.096	28.359	6.061	3.194	1292.811	-1.141
1.353	0.950	28.414	6.045	3.186	1268.441	-1.168
1.355	-0.499	28.402	5.996	3.194	1259.912	-1.174
1.356	-0.670	28.426	5.963	3.203	1258.694	-1.176
1.358	-0.718	28.414	5.930	3.203	1261.131	-1.173
1.359	-0.706	28.426	5.889	3.194	1250.164	-1.178
1.361	-0.712	28.414	5.865	3.194	1257.475	-1.171
1.362	-0.706	28.438	5.832	3.194	1251.383	-1.171
1.364	-0.706	28.420	5.791	3.186	1251.383	-1.176
1.366	-0.688	28.432	5.775	3.203	1258.694	-1.171
1.367	-0.688	28.426	5.742	3.186	1264.786	-1.169
1.369	-0.700	28.420	5.725	3.194	1268.441	-1.173
1.370	-0.688	28.426	5.684	3.194	1267.223	-1.177
1.372	-0.676	28.414	5.660	3.194	1267.223	-1.174
1.373	-0.682	28.438	5.627	3.186	1267.223	-1.172
1.375	-0.676	28.420	5.611	3.194	1275.752	-1.167
1.376	-0.670	28.438	5.578	3.186	1267.223	-1.172
1.378	-0.670	28.414	5.545	3.186	1262.349	-1.174
1.379	-0.664	28.451	5.521	3.194	1263.568	-1.169
1.381	-0.670	28.420	5.504	3.194	1257.475	-1.171
1.383	-0.658	28.451	5.480	3.194	1252.601	-1.174
1.384	-0.658	28.432	5.447	3.178	1253.820	-1.176
1.386	-0.658	28.463	5.414	3.194	1259.912	-1.166
1.387	-0.645	28.438	5.390	3.194	1247.727	-1.169
1.389	-0.651	28.463	5.381	3.194	1248.946	-1.173
1.390	-0.645	28.438	5.365	3.194	1252.601	-1.173
1.392	-0.639	28.457	5.324	3.203	1256.257	-1.173
1.393	-0.639	28.438	5.308	3.194	1262.349	-1.174
1.395	-0.639	28.475	5.291	3.203	1269.660	-1.173
1.397	-0.627	28.457	5.259	3.194	1264.786	-1.174
1.398	-0.627	28.445	5.242	3.186	1252.601	-1.185
1.400	-0.615	28.438	5.209	3.194	1262.349	-1.173
1.401	-0.615	28.469	5.193	3.194	1262.349	-1.169
1.403	-0.615	28.463	5.160	3.186	1255.038	-1.177
1.404	-0.615	28.445	5.144	3.203	1259.912	-1.168
1.406	-0.615	28.469	5.111	3.203	1258.694	-1.168
1.407	-0.603	28.451	5.095	3.194	1250.164	-1.173
1.409	-0.603	28.469	5.078	3.203	1255.038	-1.176
1.410	-0.609	28.438	5.054	3.194	1252.601	-1.171
1.412	-0.597	28.469	5.029	3.194	1262.349	-1.171
1.414	-0.597	28.438	5.013	3.186	1262.349	-1.171
1.415	-0.597	28.469	4.996	3.186	1266.005	-1.176
1.417	-0.584	28.445	4.972	3.194	1268.441	-1.173
1.418	-0.584	28.475	4.939	3.203	1268.441	-1.171
1.420	-0.591	28.451	4.923	3.186	1276.971	-1.162
1.421	-0.578	28.463	4.906	3.194	1263.568	-1.176
1.423	-0.591	28.445	4.890	3.211	1259.912	-1.177
1.424	-0.572	28.481	4.865	3.186	1259.912	-1.173
1.426	-0.566	28.457	4.841	3.203	1261.131	-1.168
1.428	-0.572	28.481	4.824	3.194	1257.475	-1.168
1.429	-0.572	28.469	4.792	3.194	1255.038	-1.171
1.431	-0.566	28.469	4.783	3.194	1253.820	-1.169
1.432	-0.560	28.463	4.759	3.219	1248.946	-1.173
1.434	-0.554	28.481	4.734	3.194	1247.727	-1.171
1.435	-0.554	28.469	4.734	3.194	1247.727	-1.173
1.437	-0.548	28.463	4.693	3.186	1259.912	-1.167
1.438	-0.554	28.481	4.669	3.194	1263.568	-1.171
1.440	-0.548	28.469	4.652	3.203	1264.786	-1.171
1.441	-0.548	28.481	4.628	3.186	1266.005	-1.171
1.443	-0.542	28.463	4.620	3.203	1270.878	-1.167
