Time (ms)	Ch1 V	Ch2 V	Ch1 A	Ch2 A	RPM	Torque
0.000	31.878	11.543	2.031	1.368	577.561	-0.668
0.002	47.525	11.525	2.031	1.376	521.511	-0.687
0.003	49.333	11.519	2.072	1.376	531.259	-0.692
0.005	49.528	11.507	2.105	1.368	534.914	-0.696
0.006	49.540	11.519	2.154	1.368	548.318	-0.688
0.008	49.534	11.519	2.179	1.368	541.007	-0.686
0.009	49.528	11.513	2.203	1.368	531.259	-0.693
0.011	49.528	11.525	2.236	1.376	531.259	-0.697
0.012	49.516	11.519	2.277	1.384	532.477	-0.692
0.014	49.498	11.513	2.310	1.368	533.696	-0.690
0.015	49.504	11.525	2.343	1.376	533.696	-0.690
0.017	49.492	11.519	2.375	1.368	531.259	-0.687
0.019	49.486	11.525	2.392	1.368	532.477	-0.693
0.020	49.486	11.519	2.425	1.360	531.259	-0.695
0.022	49.480	11.525	2.441	1.368	527.603	-0.692
0.023	49.480	11.525	2.482	1.360	528.822	-0.693
0.025	49.467	11.513	2.490	1.368	525.166	-0.696
0.026	49.473	11.519	2.531	1.368	530.040	-0.695
0.028	49.461	11.531	2.564	1.384	530.040	-0.686
0.029	49.455	11.519	2.580	1.368	523.948	-0.695
0.031	49.449	11.525	2.588	1.376	525.166	-0.693
0.033	49.443	11.525	2.629	1.376	523.948	-0.695
0.034	49.431	11.519	2.654	1.368	526.385	-0.693
0.036	49.437	11.525	2.670	1.376	523.948	-0.692
0.037	49.431	11.525	2.695	1.368	520.293	-0.693
0.039	49.419	11.525	2.728	1.384	516.637	-0.695
0.040	49.425	11.525	2.752	1.368	517.856	-0.697
0.042	49.419	11.525	2.777	1.384	520.293	-0.692
0.043	49.413	11.525	2.793	1.368	519.074	-0.691
0.045	49.407	11.519	2.818	1.368	517.856	-0.692
0.046	49.407	11.525	2.850	1.368	520.293	-0.695
0.048	49.407	11.519	2.859	1.376	519.074	-0.691
0.050	49.394	11.519	2.875	1.368	515.419	-0.693
0.051	49.388	11.537	2.900	1.376	510.545	-0.698
0.053	49.388	11.525	2.932	1.368	511.763	-0.696
0.054	49.376	11.525	2.957	1.376	515.419	-0.693
0.056	49.370	11.531	2.981	1.368	509.326	-0.692
0.057	49.364	11.531	2.998	1.376	508.108	-0.693
0.059	49.364	11.531	3.022	1.368	517.856	-0.693
0.060	49.358	11.531	3.047	1.368	520.293	-0.696
0.062	49.346	11.531	3.072	1.360	531.259	-0.693
0.064	49.340	11.525	3.080	1.376	538.570	-0.692
0.065	49.333	11.531	3.104	1.384	534.914	-0.697
0.067	49.333	11.537	3.129	1.368	539.788	-0.695
0.068	49.321	11.525	3.145	1.368	536.133	-0.692
0.070	49.321	11.525	3.170	1.376	530.040	-0.696
0.071	49.327	11.531	3.194	1.368	527.603	-0.697
0.073	49.303	11.525	3.203	1.376	528.822	-0.698
0.074	49.303	11.531	3.227	1.368	533.696	-0.693
0.076	49.303	11.537	3.260	1.368	534.914	-0.692
0.077	49.291	11.525	3.268	1.376	531.259	-0.697
0.079	49.285	11.531	3.285	1.384	523.948	-0.698
0.081	49.279	11.531	3.309	1.368	525.166	-0.699
0.082	49.266	11.531	3.334	1.384	538.570	-0.686
0.084	49.266	11.525	3.358	1.368	522.729	-0.693
0.085	49.266	11.531	3.383	1.376	525.166	-0.698
0.087	49.248	11.531	3.399	1.360	525.166	-0.699
0.088	49.248	11.531	3.416	1.368	526.385	-0.691
0.090	49.248	11.543	3.440	1.376	523.948	-0.692
0.091	49.260	11.537	3.457	1.376	517.856	-0.698
0.093	49.248	11.531	3.481	1.368	520.293	-0.698
0.095	49.242	11.525	3.498	1.360	521.511	-0.697
0.096	49.242	11.537	3.506	1.384	517.856	-0.698
0.098	49.224	11.531	3.547	1.368	516.637	-0.692
0.099	49.230	11.525	3.571	1.376	514.200	-0.699
0.101	49.230	11.543	3.579	1.368	512.982	-0.697
0.102	49.218	11.531	3.604	1.376	519.074	-0.692
0.104	49.218	11.531	3.620	1.368	517.856	-0.691
0.105	49.206	11.531	3.629	1.368	512.982	-0.697
0.107	49.206	11.537	3.661	1.368	511.763	-0.701
0.108	49.206	11.519	3.678	1.368	517.856	-0.697
0.110	49.199	11.531	3.702	1.368	516.637	-0.693
0.112	49.187	11.537	3.719	1.376	516.637	-0.699
0.113	49.193	11.531	3.743	1.360	527.603	-0.699
0.115	49.181	11.531	3.751	1.360	532.477	-0.695
0.116	49.169	11.531	3.776	1.376	542.225	-0.695
0.118	49.169	11.531	3.792	1.360	538.570	-0.695
0.119	49.175	11.531	3.817	1.376	538.570	-0.697
0.121	49.163	11.537	3.825	1.376	537.351	-0.696
0.122	49.157	11.531	3.858	1.368	534.914	-0.698
0.124	49.163	11.531	3.858	1.360	541.007	-0.693
0.126	49.151	11.537	3.891	1.384	533.696	-0.695
0.127	49.151	11.543	3.899	1.376	525.166	-0.703
0.129	49.145	11.525	3.923	1.368	531.259	-0.699
0.130	49.145	11.537	3.956	1.384	537.351	-0.692
0.132	49.145	11.537	3.964	1.368	530.040	-0.696
0.133	49.139	11.531	3.973	1.368	530.040	-0.695
0.135	49.139	11.531	3.997	1.368	527.603	-0.696
0.136	49.126	11.543	4.022	1.368	527.603	-0.695
0.138	49.120	11.525	4.046	1.376	526.385	-0.697
0.139	49.102	11.537	4.046	1.368	526.385	-0.697
0.141	49.108	11.537	4.071	1.376	522.729	-0.699
0.143	49.102	11.531	4.087	1.376	527.603	-0.697
0.144	49.096	11.525	4.112	1.376	528.822	-0.693
0.146	49.090	11.531	4.136	1.368	521.511	-0.696
0.147	49.090	11.531	4.145	1.368	519.074	-0.701
0.149	49.096	11.525	4.161	1.360	519.074	-0.698
0.150	49.078	11.531	4.194	1.376	526.385	-0.693
0.152	21.851	11.495	4.136	1.368	572.687	-0.720
0.153	2.125	11.531	4.153	1.384	505.671	-0.706
0.155	-0.219	11.537	4.145	1.368	520.293	-0.695
0.157	-0.505	11.537	4.112	1.376	515.419	-0.697
0.158	-0.542	11.537	4.087	1.368	515.419	-0.697
0.160	-0.554	11.537	4.071	1.368	520.293	-0.695
0.161	-0.548	11.537	4.055	1.368	514.200	-0.701
0.163	-0.542	11.537	4.030	1.360	516.637	-0.698
0.164	-0.548	11.537	4.014	1.368	515.419	-0.697
0.166	-0.542	11.537	3.989	1.368	511.763	-0.699
0.167	-0.542	11.531	3.973	1.376	500.797	-0.704
0.169	-0.536	11.537	3.956	1.368	509.326	-0.704
0.170	-0.542	11.537	3.940	1.368	527.603	-0.692
0.172	-0.536	11.525	3.940	1.360	526.385	-0.696
0.174	-0.524	11.531	3.915	1.368	532.477	-0.698
0.175	-0.530	11.537	3.907	1.360	530.040	-0.701
0.177	-0.530	11.525	3.882	1.360	532.477	-0.699
0.178	-0.524	11.525	3.874	1.376	537.351	-0.697
0.180	-0.518	11.537	3.858	1.376	533.696	-0.699
0.181	-0.511	11.531	3.842	1.376	532.477	-0.701
0.183	-0.511	11.519	3.825	1.360	530.040	-0.701
0.184	-0.505	11.531	3.825	1.360	530.040	-0.698
0.186	-0.505	11.537	3.809	1.368	531.259	-0.695
0.188	-0.511	11.537	3.784	1.360	525.166	-0.703
0.189	-0.511	11.531	3.776	1.360	526.385	-0.704
0.191	-0.493	11.531	3.760	1.368	533.696	-0.697
0.192	-0.511	11.531	3.743	1.360	532.477	-0.692
0.194	-0.505	11.531	3.743	1.368	525.166	-0.693
0.195	-0.493	11.531	3.719	1.360	520.293	-0.702
0.197	-0.499	11.525	3.710	1.368	522.729	-0.702
0.198	-0.493	11.531	3.710	1.376	522.729	-0.696
0.200	-0.499	11.537	3.694	1.360	522.729	-0.697
0.201	-0.493	11.531	3.678	1.368	520.293	-0.698
0.203	-0.493	11.519	3.661	1.368	520.293	-0.701
0.205	-0.481	11.537	3.661	1.368	520.293	-0.696
0.206	-0.481	11.525	3.637	1.360	520.293	-0.698
0.208	-0.487	11.525	3.637	1.360	516.637	-0.698
0.209	-0.475	11.525	3.612	1.360	512.982	-0.704
0.211	-0.481	11.531	3.604	1.368	521.511	-0.697
0.212	-0.475	11.531	3.604	1.360	520.293	-0.695
0.214	-0.481	11.531	3.588	1.368	515.419	-0.696
0.215	-0.475	11.531	3.579	1.376	509.326	-0.698
0.217	-0.469	11.519	3.571	1.360	510.545	-0.698
0.219	-0.481	11.531	3.555	1.360	514.200	-0.698
0.220	-0.469	11.525	3.547	1.368	519.074	-0.695
0.222	-0.469	11.519	3.530	1.360	515.419	-0.695
0.223	-0.457	11.525	3.514	1.368	522.729	-0.697
0.225	-0.469	11.525	3.506	1.360	526.385	-0.699
0.226	-0.469	11.519	3.498	1.360	537.351	-0.697
0.228	-0.463	11.525	3.489	1.368	539.788	-0.693
0.229	-0.463	11.525	3.481	1.368	534.914	-0.696
0.231	-0.457	11.513	3.473	1.360	542.225	-0.696
0.232	-0.457	11.513	3.457	1.360	537.351	-0.696
0.234	-0.457	11.519	3.448	1.368	536.133	-0.696
0.236	-0.451	11.525	3.440	1.368	532.477	-0.695
0.237	-0.451	11.507	3.424	1.360	534.914	-0.699
0.239	-0.451	11.525	3.424	1.360	534.914	-0.696
0.240	-0.451	11.513	3.399	1.352	532.477	-0.695
0.242	-0.451	11.513	3.407	1.360	531.259	-0.696
0.243	-0.451	11.519	3.391	1.352	527.603	-0.697
0.245	-0.444	11.519	3.375	1.360	527.603	-0.698
0.246	-0.438	11.519	3.358	1.360	528.822	-0.693
0.248	-0.451	11.519	3.350	1.368	522.729	-0.696
0.250	-0.438	11.513	3.342	1.368	526.385	-0.695
0.251	-0.451	11.513	3.342	1.360	523.948	-0.698
0.253	-0.444	11.513	3.326	1.368	527.603	-0.695
0.254	-0.444	11.519	3.317	1.360	525.166	-0.696
0.256	-0.438	11.519	3.309	1.368	521.511	-0.698
0.257	-0.432	11.507	3.293	1.360	523.948	-0.693
0.259	-0.432	11.513	3.293	1.360	522.729	-0.692
0.260	-0.432	11.513	3.276	1.368	523.948	-0.695
0.262	-0.426	11.507	3.260	1.376	517.856	-0.695
0.263	-0.426	11.519	3.252	1.368	516.637	-0.697
0.265	-0.432	11.513	3.235	1.368	519.074	-0.695
0.267	-0.420	11.507	3.252	1.368	520.293	-0.692
0.268	-0.426	11.513	3.227	1.360	520.293	-0.691
0.270	-0.420	11.519	3.219	1.360	511.763	-0.698
0.271	-0.420	11.501	3.219	1.360	512.982	-0.702
0.273	-0.414	11.507	3.211	1.360	515.419	-0.693
0.274	-0.420	11.513	3.203	1.352	519.074	-0.691
0.276	-0.420	11.507	3.170	1.360	510.545	-0.695
0.277	-0.414	11.507	3.178	1.360	509.326	-0.698
0.279	-0.408	11.507	3.162	1.360	508.108	-0.697
0.281	-0.420	11.501	3.162	1.368	512.982	-0.693
0.282	-0.414	11.495	3.145	1.360	523.948	-0.696
0.284	-0.408	11.501	3.154	1.352	528.822	-0.696
0.285	-0.402	11.501	3.121	1.360	533.696	-0.698
0.287	-0.408	11.495	3.129	1.368	537.351	-0.696
0.288	-0.402	11.495	3.104	1.360	536.133	-0.692
0.290	-0.402	11.501	3.104	1.360	533.696	-0.696
0.291	-0.402	11.495	3.088	1.360	526.385	-0.706
0.293	-0.402	11.501	3.080	1.360	534.914	-0.697
0.294	-0.402	11.501	3.072	1.352	534.914	-0.691
0.296	-0.402	11.489	3.063	1.360	528.822	-0.693
0.298	-0.402	11.501	3.047	1.352	527.603	-0.697
0.299	-0.396	11.501	3.039	1.343	528.822	-0.699
0.301	-0.390	11.501	3.014	1.360	526.385	-0.699
0.302	-0.390	11.495	3.014	1.360	531.259	-0.691
0.304	-0.396	11.501	3.022	1.352	531.259	-0.699
0.305	-0.384	11.495	3.006	1.352	523.948	-0.697
0.307	-0.384	11.495	2.998	1.360	522.729	-0.696
0.308	-0.390	11.495	2.998	1.352	526.385	-0.691
0.310	-0.390	11.495	2.990	1.360	521.511	-0.695
0.312	-0.384	11.501	2.965	1.352	516.637	-0.701
0.313	-0.377	11.495	2.957	1.368	523.948	-0.696
0.315	-0.390	11.507	2.949	1.343	525.166	-0.690
0.316	-0.371	11.507	2.941	1.368	520.293	-0.693
0.318	-0.384	11.507	2.949	1.360	519.074	-0.695
0.319	-0.384	11.501	2.924	1.368	517.856	-0.698
0.321	-0.384	11.501	2.924	1.368	517.856	-0.695
0.322	-0.377	11.513	2.916	1.360	514.200	-0.695
0.324	-0.371	11.501	2.891	1.368	515.419	-0.693
0.325	-0.377	11.495	2.900	1.360	511.763	-0.692
0.327	-0.371	11.501	2.883	1.352	514.200	-0.697
0.329	-0.371	11.501	2.867	1.352	515.419	-0.693
0.330	-0.365	11.489	2.867	1.352	509.326	-0.693
0.332	-0.377	11.507	2.867	1.352	512.982	-0.698
0.333	-0.365	11.495	2.850	1.360	517.856	-0.695
0.335	-0.365	11.489	2.834	1.360	533.696	-0.690
0.336	-0.371	11.495	2.834	1.352	532.477	-0.691
0.338	-0.365	11.495	2.834	1.352	533.696	-0.696
0.339	-0.359	11.495	2.809	1.360	541.007	-0.691
0.341	-0.371	11.489	2.801	1.352	536.133	-0.691
0.343	-0.365	11.507	2.801	1.352	538.570	-0.691
0.344	-0.365	11.501	2.801	1.376	533.696	-0.692
0.346	-0.359	11.495	2.777	1.343	534.914	-0.693
0.347	-0.359	11.489	2.769	1.360	536.133	-0.691
0.349	-0.359	11.495	2.769	1.352	533.696	-0.688
0.350	-0.353	11.489	2.744	1.360	533.696	-0.691
0.352	-0.353	11.495	2.744	1.360	522.729	-0.698
0.353	-0.347	11.483	2.736	1.352	528.822	-0.698
0.355	-0.353	11.489	2.719	1.360	539.788	-0.688
0.356	-0.347	11.489	2.728	1.360	530.040	-0.688
0.358	-0.359	11.501	2.719	1.352	526.385	-0.691
0.360	-0.341	11.489	2.703	1.352	520.293	-0.701
0.361	-0.347	11.489	2.695	1.352	525.166	-0.691
0.363	-0.347	11.495	2.687	1.335	528.822	-0.690
0.364	-0.341	11.483	2.678	1.360	527.603	-0.692
0.366	-0.347	11.495	2.670	1.368	522.729	-0.693
0.367	-0.341	11.495	2.662	1.352	521.511	-0.692
0.369	-0.341	11.489	2.662	1.352	523.948	-0.688
0.370	-0.335	11.476	2.637	1.352	521.511	-0.692
0.372	-0.341	11.501	2.646	1.352	517.856	-0.695
0.374	-0.335	11.489	2.646	1.352	516.637	-0.695
0.375	-0.335	11.495	2.621	1.360	521.511	-0.692
0.377	-0.341	11.495	2.605	1.360	521.511	-0.686
0.378	-0.335	11.495	2.605	1.352	515.419	-0.692
0.380	-0.335	11.495	2.597	1.343	510.545	-0.695
0.381	-0.329	11.501	2.588	1.360	515.419	-0.692
0.383	-0.323	11.489	2.572	1.352	519.074	-0.690
0.384	-0.329	11.483	2.580	1.360	516.637	-0.688
0.386	-0.329	11.495	2.556	1.352	515.419	-0.693
0.387	-0.329	11.489	2.547	1.352	511.763	-0.691
0.389	-0.323	11.501	2.556	1.352	505.671	-0.696
0.391	-0.329	11.507	2.531	1.352	510.545	-0.692
0.392	-0.317	11.483	2.539	1.352	517.856	-0.687
0.394	-0.323	11.495	2.523	1.352	519.074	-0.693
0.395	-0.317	11.501	2.515	1.343	528.822	-0.698
0.397	-0.323	11.495	2.515	1.352	537.351	-0.691
0.398	-0.311	11.489	2.498	1.352	537.351	-0.691
0.400	-0.317	11.501	2.490	1.352	531.259	-0.692
0.401	-0.317	11.501	2.465	1.343	530.040	-0.696
0.403	-0.311	11.489	2.482	1.343	531.259	-0.693
0.405	-0.317	11.495	2.457	1.352	531.259	-0.693
0.406	-0.317	11.495	2.457	1.360	530.040	-0.692
0.408	-0.317	11.495	2.449	1.352	530.040	-0.693
0.409	-0.311	11.501	2.457	1.360	531.259	-0.693
0.411	-0.304	11.495	2.433	1.352	527.603	-0.693
0.412	-0.311	11.495	2.416	1.343	530.040	-0.690
0.414	-0.304	11.489	2.416	1.352	525.166	-0.695
0.415	-0.298	11.495	2.416	1.360	537.351	-0.690
0.417	-0.311	11.489	2.400	1.343	528.822	-0.692
0.418	-0.304	11.495	2.392	1.352	525.166	-0.691
0.420	-0.311	11.495	2.384	1.352	520.293	-0.693
0.422	-0.304	11.489	2.384	1.352	519.074	-0.693
0.423	-0.304	11.495	2.367	1.352	526.385	-0.695
0.425	-0.292	11.501	2.367	1.352	522.729	-0.690
0.426	-0.304	11.495	2.367	1.352	519.074	-0.691
0.428	-0.298	11.489	2.343	1.360	520.293	-0.691
0.429	-0.298	11.495	2.343	1.352	515.419	-0.693
0.431	-0.298	11.495	2.334	1.360	519.074	-0.693
0.432	-0.298	11.495	2.318	1.352	517.856	-0.688
0.434	-0.292	11.501	2.310	1.360	516.637	-0.693
0.436	-0.286	11.495	2.310	1.368	511.763	-0.697
0.437	-0.292	11.483	2.293	1.360	515.419	-0.692
0.439	-0.286	11.495	2.293	1.352	516.637	-0.692
0.440	-0.292	11.513	2.277	1.343	506.889	-0.696
0.442	-0.292	11.489	2.277	1.352	514.200	-0.693
0.443	-0.280	11.501	2.277	1.360	517.856	-0.691
0.445	-0.298	11.513	2.277	1.360	520.293	-0.692
0.446	-0.280	11.495	2.253	1.352	526.385	-0.688
0.448	-0.280	11.501	2.244	1.352	532.477	-0.693
0.449	-0.286	11.501	2.236	1.352	539.788	-0.692
0.451	-0.286	11.495	2.236	1.352	538.570	-0.688
0.453	-0.292	11.501	2.212	1.343	539.788	-0.686
0.454	-0.280	11.501	2.212	1.352	534.914	-0.691
0.456	-0.280	11.501	2.203	1.360	527.603	-0.698
0.457	-0.274	11.501	2.195	1.352	536.133	-0.692
0.459	-0.274	11.483	2.187	1.352	538.570	-0.686
0.460	-0.280	11.483	2.171	1.360	534.914	-0.687
0.462	-0.274	11.489	2.187	1.352	530.040	-0.690
0.463	-0.274	11.489	2.162	1.352	527.603	-0.692
0.465	-0.274	11.495	2.179	1.352	532.477	-0.688
0.467	-0.286	11.489	2.154	1.352	532.477	-0.687
0.468	-0.268	11.495	2.138	1.343	531.259	-0.687
0.470	-0.268	11.489	2.130	1.343	525.166	-0.692
0.471	-0.268	11.495	2.121	1.352	521.511	-0.692
0.473	-0.268	11.495	2.113	1.343	527.603	-0.688
0.474	-0.274	11.495	2.113	1.352	526.385	-0.690
0.476	-0.256	11.495	2.105	1.352	520.293	-0.693
0.477	-0.262	11.495	2.097	1.352	520.293	-0.693
0.479	-0.262	11.501	2.089	1.360	527.603	-0.685
0.480	-0.262	11.483	2.080	1.352	521.511	-0.688
0.482	-0.262	11.501	2.080	1.352	521.511	-0.692
0.484	-0.262	11.501	2.072	1.352	516.637	-0.692
0.485	-0.262	11.489	2.064	1.352	521.511	-0.691
0.487	-0.256	11.501	2.048	1.343	519.074	-0.687
0.488	-0.262	11.495	2.048	1.352	517.856	-0.690
0.490	-0.256	11.483	2.031	1.343	516.637	-0.691
0.491	-0.244	11.495	2.023	1.352	514.200	-0.692
0.493	-0.256	11.495	2.007	1.352	520.293	-0.687
0.494	-0.262	11.489	2.015	1.360	514.200	-0.686
0.496	-0.244	11.501	2.007	1.352	506.889	-0.695
0.498	-0.250	11.495	2.007	1.343	511.763	-0.692
0.499	-0.201	11.483	1.990	1.343	511.763	-0.692
0.501	42.722	11.495	2.031	1.360	511.763	-0.686
0.502	48.798	11.495	2.064	1.352	503.234	-0.690
0.504	49.480	11.489	2.105	1.352	517.856	-0.691
0.505	49.540	11.489	2.146	1.343	520.293	-0.697
0.507	49.540	11.489	2.171	1.352	532.477	-0.692
0.508	49.528	11.489	2.203	1.352	537.351	-0.690
0.510	49.522	11.495	2.236	1.352	533.696	-0.688
0.511	49.516	11.495	2.269	1.343	533.696	-0.688
0.513	49.510	11.501	2.302	1.343	533.696	-0.691
0.515	49.492	11.476	2.326	1.343	532.477	-0.690
0.516	49.492	11.495	2.351	1.352	526.385	-0.698
0.518	49.486	11.489	2.375	1.352	530.040	-0.692
0.519	49.480	11.495	2.416	1.352	533.696	-0.685
0.521	49.467	11.489	2.441	1.335	530.040	-0.688
0.522	49.467	11.495	2.465	1.343	527.603	-0.691
0.524	49.455	11.483	2.482	1.343	528.822	-0.693
0.525	49.461	11.495	2.531	1.352	526.385	-0.691
0.527	49.461	11.501	2.547	1.343	523.948	-0.692
0.529	49.449	11.476	2.580	1.352	521.511	-0.696
0.530	49.455	11.495	2.597	1.352	520.293	-0.695
0.532	49.449	11.495	2.621	1.352	523.948	-0.693
0.533	49.437	11.489	2.646	1.343	523.948	-0.692
0.535	49.425	11.495	2.662	1.360	522.729	-0.690
0.536	49.413	11.495	2.695	1.352	517.856	-0.690
0.538	49.419	11.501	2.719	1.343	516.637	-0.696
0.539	49.413	11.501	2.744	1.343	525.166	-0.688
0.541	49.413	11.495	2.752	1.343	523.948	-0.685
0.542	49.407	11.495	2.785	1.343	517.856	-0.692
0.544	49.388	11.489	2.809	1.360	510.545	-0.692
0.546	49.400	11.501	2.834	1.343	515.419	-0.692
0.547	49.394	11.501	2.867	1.360	515.419	-0.695
0.549	49.382	11.489	2.883	1.352	512.982	-0.692
0.550	49.388	11.495	2.908	1.352	515.419	-0.687
0.552	49.388	11.495	2.924	1.335	510.545	-0.692
0.553	49.376	11.495	2.941	1.352	517.856	-0.692
0.555	49.364	11.489	2.965	1.352	516.637	-0.688
0.556	49.364	11.495	2.990	1.352	528.822	-0.688
0.558	49.364	11.489	3.014	1.343	528.822	-0.692
0.560	49.352	11.501	3.039	1.352	536.133	-0.695
0.561	49.352	11.501	3.063	1.343	545.881	-0.690
0.563	49.346	11.495	3.080	1.343	537.351	-0.691
0.564	49.346	11.489	3.104	1.343	537.351	-0.692
0.566	49.352	11.483	3.129	1.343	533.696	-0.692
0.567	49.333	11.489	3.145	1.352	534.914	-0.693
0.569	49.327	11.501	3.170	1.360	534.914	-0.692
0.570	49.340	11.489	3.178	1.335	533.696	-0.692
0.572	49.327	11.495	3.219	1.343	533.696	-0.692
0.573	49.315	11.495	3.219	1.343	533.696	-0.691
0.575	49.315	11.495	3.244	1.360	534.914	-0.688
0.577	49.309	11.483	3.276	1.360	532.477	-0.687
0.578	49.297	11.489	3.293	1.343	525.166	-0.692
0.580	49.297	11.489	3.317	1.335	525.166	-0.701
0.581	49.291	11.489	3.342	1.352	527.603	-0.690
0.583	49.285	11.495	3.350	1.360	530.040	-0.687
0.584	49.285	11.489	3.383	1.343	520.293	-0.692
0.586	49.273	11.476	3.391	1.352	523.948	-0.691
0.587	49.260	11.489	3.424	1.360	526.385	-0.691
0.589	49.266	11.483	3.448	1.343	525.166	-0.690
0.591	49.260	11.483	3.448	1.343	521.511	-0.691
0.592	49.254	11.470	3.481	1.343	521.511	-0.692
0.594	49.248	11.489	3.489	1.343	520.293	-0.695
0.595	49.248	11.476	3.522	1.343	520.293	-0.696
0.597	49.224	11.483	3.538	1.352	522.729	-0.690
0.598	49.224	11.495	3.555	1.335	517.856	-0.695
0.600	49.218	11.464	3.571	1.343	514.200	-0.698
0.601	49.212	11.476	3.588	1.352	515.419	-0.695
0.603	49.212	11.476	3.620	1.343	523.948	-0.688
0.604	49.206	11.464	3.620	1.352	514.200	-0.691
0.606	49.199	11.470	3.661	1.352	510.545	-0.698
0.608	49.193	11.476	3.670	1.335	510.545	-0.695
0.609	49.187	11.464	3.702	1.343	510.545	-0.696
0.611	49.181	11.476	3.719	1.343	511.763	-0.697
0.612	49.187	11.476	3.735	1.343	508.108	-0.696
0.614	49.187	11.470	3.735	1.343	516.637	-0.692
0.615	49.175	11.476	3.768	1.352	517.856	-0.696
0.617	49.175	11.483	3.792	1.335	530.040	-0.692
0.618	49.169	11.476	3.801	1.335	537.351	-0.693
0.620	49.151	11.464	3.825	1.352	533.696	-0.702
0.622	49.151	11.476	3.842	1.352	539.788	-0.695
0.623	49.151	11.476	3.866	1.335	537.351	-0.691
0.625	49.151	11.458	3.866	1.335	531.259	-0.696
0.626	49.139	11.470	3.899	1.343	528.822	-0.698
0.628	49.126	11.476	3.923	1.343	533.696	-0.695
0.629	49.133	11.464	3.940	1.335	530.040	-0.696
0.631	49.126	11.470	3.964	1.343	532.477	-0.692
0.632	49.120	11.470	3.973	1.352	528.822	-0.696
0.634	49.133	11.464	3.989	1.335	527.603	-0.701
0.635	49.114	11.470	4.005	1.343	528.822	-0.696
0.637	49.114	11.483	4.030	1.335	543.444	-0.687
0.639	49.114	11.470	4.046	1.335	523.948	-0.698
0.640	49.108	11.476	4.063	1.352	515.419	-0.707
0.642	49.090	11.470	4.095	1.335	525.166	-0.701
0.643	49.090	11.464	4.104	1.343	527.603	-0.692
0.645	49.090	11.470	4.120	1.335	523.948	-0.692
0.646	49.084	11.476	4.145	1.335	521.511	-0.696
0.648	49.078	11.470	4.161	1.343	516.637	-0.701
0.649	49.078	11.483	4.194	1.343	521.511	-0.697
0.651	49.084	11.470	4.210	1.335	519.074	-0.696
0.653	9.005	11.470	4.177	1.343	528.822	-0.697
0.654	0.609	11.476	4.153	1.335	505.671	-0.696
0.656	-0.408	11.483	4.120	1.335	515.419	-0.697
0.657	-0.524	11.476	4.104	1.352	517.856	-0.692
0.659	-0.548	11.470	4.079	1.360	517.856	-0.692
0.660	-0.548	11.476	4.063	1.343	511.763	-0.698
0.662	-0.548	11.476	4.038	1.335	510.545	-0.698
0.663	-0.536	11.476	4.030	1.343	515.419	-0.695
0.665	-0.536	11.476	4.014	1.343	516.637	-0.695
0.666	-0.542	11.483	3.989	1.335	519.074	-0.695
0.668	-0.548	11.476	3.989	1.343	523.948	-0.699
0.670	-0.536	11.476	3.956	1.335	531.259	-0.698
0.671	-0.536	11.476	3.948	1.343	541.007	-0.696
0.673	-0.530	11.470	3.932	1.352	538.570	-0.697
0.674	-0.518	11.476	3.923	1.343	536.133	-0.696
0.676	-0.530	11.476	3.891	1.343	536.133	-0.697
0.677	-0.530	11.470	3.874	1.335	534.914	-0.697
0.679	-0.536	11.476	3.874	1.343	533.696	-0.696
0.680	-0.524	11.483	3.858	1.335	531.259	-0.698
0.682	-0.511	11.476	3.842	1.335	530.040	-0.699
0.684	-0.518	11.483	3.833	1.343	536.133	-0.696
0.685	-0.518	11.483	3.809	1.343	532.477	-0.690
0.687	-0.505	11.476	3.792	1.335	528.822	-0.696
0.688	-0.505	11.483	3.784	1.343	526.385	-0.697
0.690	-0.499	11.483	3.768	1.343	526.385	-0.697
0.691	-0.505	11.470	3.760	1.327	531.259	-0.691
0.693	-0.505	11.483	3.751	1.335	526.385	-0.699
0.694	-0.499	11.483	3.743	1.343	527.603	-0.693
0.696	-0.499	11.470	3.727	1.343	522.729	-0.696
0.697	-0.499	11.476	3.719	1.335	525.166	-0.696
0.699	-0.499	11.489	3.702	1.343	526.385	-0.693
0.701	-0.493	11.476	3.702	1.343	521.511	-0.692
0.702	-0.493	11.470	3.670	1.343	522.729	-0.698
0.704	-0.487	11.489	3.653	1.335	525.166	-0.696
0.705	-0.493	11.483	3.653	1.335	526.385	-0.690
0.707	-0.487	11.483	3.637	1.343	520.293	-0.693
0.708	-0.481	11.483	3.637	1.343	516.637	-0.698
0.710	-0.475	11.476	3.620	1.335	517.856	-0.697
0.711	-0.481	11.483	3.604	1.343	520.293	-0.696
0.713	-0.469	11.489	3.604	1.327	515.419	-0.693
0.715	-0.475	11.476	3.596	1.343	516.637	-0.693
0.716	-0.475	11.483	3.579	1.343	514.200	-0.697
0.718	-0.469	11.489	3.563	1.335	512.982	-0.701
0.719	-0.469	11.470	3.547	1.343	512.982	-0.696
0.721	-0.475	11.470	3.538	1.360	512.982	-0.692
0.722	-0.475	11.476	3.530	1.343	506.889	-0.698
0.724	-0.457	11.489	3.514	1.335	508.108	-0.698
0.725	-0.469	11.489	3.498	1.335	519.074	-0.696
0.727	-0.463	11.489	3.489	1.343	525.166	-0.693
0.728	-0.463	11.483	3.489	1.335	526.385	-0.697
0.730	-0.469	11.483	3.473	1.343	534.914	-0.695
0.732	-0.451	11.489	3.465	1.335	532.477	-0.698
0.733	-0.451	11.483	3.448	1.343	534.914	-0.698
0.735	-0.451	11.483	3.457	1.335	532.477	-0.696
0.736	-0.444	11.483	3.440	1.352	534.914	-0.695
0.738	-0.457	11.483	3.432	1.343	528.822	-0.698
0.739	-0.451	11.483	3.407	1.335	530.040	-0.697
0.741	-0.457	11.483	3.407	1.352	532.477	-0.695
0.742	-0.444	11.476	3.399	1.335	527.603	-0.696
0.744	-0.438	11.495	3.391	1.335	527.603	-0.699
0.746	-0.444	11.489	3.375	1.327	531.259	-0.693
0.747	-0.444	11.489	3.375	1.352	527.603	-0.695
0.749	-0.444	11.483	3.358	1.352	532.477	-0.696
0.750	-0.438	11.476	3.342	1.335	525.166	-0.696
0.752	-0.438	11.483	3.326	1.343	525.166	-0.693
0.753	-0.438	11.476	3.326	1.335	526.385	-0.697
0.755	-0.444	11.489	3.301	1.335	521.511	-0.696
0.756	-0.444	11.483	3.293	1.343	522.729	-0.698
0.758	-0.432	11.483	3.301	1.335	517.856	-0.696
0.759	-0.432	11.483	3.285	1.352	520.293	-0.695
0.761	-0.432	11.483	3.276	1.335	522.729	-0.691
0.763	-0.420	11.476	3.268	1.335	515.419	-0.697
0.764	-0.420	11.489	3.260	1.335	514.200	-0.702
0.766	-0.426	11.483	3.252	1.343	516.637	-0.695
0.767	-0.426	11.489	3.235	1.352	522.729	-0.690
0.769	-0.426	11.489	3.219	1.343	512.982	-0.696
0.770	-0.420	11.489	3.211	1.335	512.982	-0.698
0.772	-0.420	11.489	3.203	1.343	516.637	-0.695
0.773	-0.420	11.489	3.203	1.352	512.982	-0.696
0.775	-0.420	11.483	3.186	1.343	516.637	-0.695
0.777	-0.408	11.483	3.194	1.343	511.763	-0.695
0.778	-0.420	11.495	3.186	1.343	520.293	-0.695
0.780	-0.408	11.483	3.162	1.335	528.822	-0.695
0.781	-0.414	11.483	3.162	1.343	537.351	-0.690
0.783	-0.408	11.495	3.145	1.343	537.351	-0.693
0.784	-0.408	11.489	3.137	1.335	532.477	-0.701
0.786	-0.402	11.489	3.121	1.343	539.788	-0.696
0.787	-0.408	11.495	3.113	1.352	543.444	-0.690
0.789	-0.402	11.495	3.104	1.343	533.696	-0.688
0.790	-0.396	11.495	3.088	1.343	532.477	-0.692
0.792	-0.402	11.495	3.088	1.343	533.696	-0.696
0.794	-0.396	11.501	3.080	1.335	533.696	-0.693
0.795	-0.402	11.495	3.072	1.352	536.133	-0.691
0.797	-0.396	11.495	3.063	1.335	530.040	-0.692
0.798	-0.396	11.501	3.047	1.335	530.040	-0.693
0.800	-0.396	11.489	3.047	1.335	531.259	-0.693
0.801	-0.390	11.495	3.031	1.335	530.040	-0.692
0.803	-0.396	11.495	3.014	1.343	530.040	-0.688
0.804	-0.390	11.501	3.014	1.343	519.074	-0.698
0.806	-0.396	11.495	3.006	1.352	527.603	-0.692
0.808	-0.390	11.489	2.998	1.335	532.477	-0.691
0.809	-0.390	11.495	2.981	1.360	526.385	-0.688
0.811	-0.384	11.501	2.973	1.335	520.293	-0.692
0.812	-0.390	11.495	2.981	1.352	521.511	-0.693
0.814	-0.377	11.501	2.957	1.335	521.511	-0.691
0.815	-0.377	11.495	2.932	1.327	523.948	-0.692
0.817	-0.384	11.513	2.932	1.352	522.729	-0.695
0.818	-0.384	11.495	2.949	1.343	517.856	-0.691
0.820	-0.377	11.495	2.924	1.327	517.856	-0.693
0.821	-0.377	11.507	2.916	1.335	517.856	-0.692
0.823	-0.377	11.507	2.908	1.343	517.856	-0.692
0.825	-0.384	11.501	2.908	1.352	512.982	-0.696
0.826	-0.371	11.507	2.891	1.343	511.763	-0.697
0.828	-0.371	11.507	2.883	1.343	519.074	-0.688
0.829	-0.371	11.501	2.875	1.335	516.637	-0.691
0.831	-0.365	11.507	2.859	1.343	510.545	-0.693
0.832	-0.365	11.501	2.842	1.343	510.545	-0.695
0.834	-0.365	11.507	2.834	1.335	506.889	-0.695
0.835	-0.365	11.507	2.818	1.343	512.982	-0.691
0.837	-0.365	11.501	2.826	1.343	520.293	-0.692
0.839	-0.371	11.495	2.809	1.352	522.729	-0.695
0.840	-0.359	11.501	2.818	1.343	531.259	-0.695
0.842	-0.359	11.507	2.809	1.343	536.133	-0.692
0.843	-0.365	11.501	2.801	1.343	536.133	-0.692
0.845	-0.365	11.507	2.785	1.335	531.259	-0.696
0.846	-0.359	11.501	2.777	1.343	530.040	-0.696
0.848	-0.347	11.495	2.760	1.352	539.788	-0.688
0.849	-0.359	11.513	2.769	1.343	532.477	-0.688
0.851	-0.359	11.507	2.752	1.343	531.259	-0.693
0.852	-0.353	11.507	2.728	1.343	527.603	-0.696
0.854	-0.347	11.519	2.736	1.343	527.603	-0.692
0.856	-0.359	11.513	2.719	1.343	528.822	-0.692
0.857	-0.353	11.507	2.711	1.335	527.603	-0.691
0.859	-0.347	11.513	2.695	1.343	526.385	-0.693
0.860	-0.353	11.507	2.695	1.343	525.166	-0.693
0.862	-0.347	11.501	2.687	1.343	525.166	-0.695
0.863	-0.341	11.507	2.678	1.360	526.385	-0.691
0.865	-0.347	11.519	2.670	1.352	520.293	-0.693
0.866	-0.335	11.513	2.662	1.343	522.729	-0.696
0.868	-0.347	11.519	2.654	1.335	526.385	-0.692
0.870	-0.341	11.507	2.646	1.343	522.729	-0.687
0.871	-0.335	11.513	2.629	1.343	517.856	-0.692
0.873	-0.329	11.507	2.621	1.335	515.419	-0.695
0.874	-0.335	11.513	2.629	1.352	519.074	-0.693
0.876	-0.329	11.507	2.621	1.352	519.074	-0.692
0.877	-0.329	11.507	2.613	1.343	515.419	-0.691
0.879	-0.335	11.513	2.588	1.352	515.419	-0.691
0.880	-0.335	11.501	2.580	1.343	514.200	-0.695
0.882	-0.323	11.507	2.588	1.335	516.637	-0.692
0.883	-0.329	11.513	2.572	1.335	512.982	-0.692
0.885	-0.329	11.507	2.564	1.335	511.763	-0.688
0.887	-0.323	11.513	2.572	1.335	511.763	-0.697
0.888	-0.329	11.513	2.547	1.335	517.856	-0.695
0.890	-0.323	11.507	2.556	1.352	528.822	-0.688
0.891	-0.329	11.507	2.523	1.343	527.603	-0.691
0.893	-0.323	11.525	2.523	1.343	530.040	-0.695
0.894	-0.317	11.519	2.523	1.335	538.570	-0.691
0.896	-0.323	11.513	2.506	1.335	541.007	-0.690
0.897	-0.317	11.513	2.515	1.343	537.351	-0.692
0.899	-0.317	11.513	2.482	1.352	534.914	-0.690
0.901	-0.311	11.513	2.474	1.352	533.696	-0.692
0.902	-0.311	11.519	2.465	1.335	532.477	-0.693
0.904	-0.317	11.519	2.474	1.343	533.696	-0.690
0.905	-0.311	11.507	2.457	1.343	536.133	-0.686
0.907	-0.311	11.519	2.457	1.352	530.040	-0.691
0.908	-0.317	11.519	2.433	1.343	528.822	-0.696
0.910	-0.311	11.519	2.433	1.343	534.914	-0.686
0.911	-0.311	11.525	2.425	1.335	532.477	-0.686
0.913	-0.304	11.525	2.416	1.335	525.166	-0.688
0.914	-0.298	11.519	2.416	1.343	525.166	-0.691
0.916	-0.311	11.519	2.408	1.343	530.040	-0.687
0.918	-0.304	11.519	2.392	1.335	527.603	-0.686
0.919	-0.311	11.519	2.384	1.343	528.822	-0.688
0.921	-0.304	11.531	2.367	1.352	522.729	-0.690
0.922	-0.298	11.531	2.375	1.335	519.074	-0.693
0.924	-0.298	11.513	2.359	1.343	523.948	-0.690
0.925	-0.298	11.525	2.351	1.360	527.603	-0.687
0.927	-0.311	11.531	2.343	1.343	522.729	-0.690
0.928	-0.292	11.513	2.334	1.360	515.419	-0.698
0.930	-0.298	11.525	2.326	1.343	520.293	-0.691
0.932	-0.292	11.525	2.326	1.343	522.729	-0.687
0.933	-0.292	11.513	2.318	1.335	519.074	-0.688
0.935	-0.292	11.525	2.310	1.343	515.419	-0.691
0.936	-0.292	11.531	2.293	1.352	515.419	-0.692
0.938	-0.286	11.519	2.293	1.343	512.982	-0.693
0.939	-0.292	11.525	2.285	1.352	517.856	-0.690
0.941	-0.286	11.525	2.269	1.352	514.200	-0.690
0.942	-0.286	11.525	2.261	1.360	511.763	-0.692
0.944	-0.286	11.525	2.261	1.343	510.545	-0.692
0.945	-0.286	11.525	2.253	1.352	506.889	-0.690
0.947	-0.286	11.525	2.253	1.352	514.200	-0.690
0.949	-0.280	11.531	2.244	1.335	516.637	-0.696
0.950	-0.274	11.531	2.236	1.352	526.385	-0.693
0.952	-0.286	11.525	2.228	1.335	534.914	-0.690
0.953	-0.286	11.531	2.212	1.343	534.914	-0.690
0.955	-0.280	11.525	2.220	1.335	534.914	-0.690
0.956	-0.286	11.531	2.203	1.343	534.914	-0.695
0.958	-0.274	11.525	2.187	1.352	531.259	-0.692
0.959	-0.268	11.531	2.179	1.343	531.259	-0.692
0.961	-0.274	11.531	2.179	1.352	532.477	-0.690
0.963	-0.280	11.531	2.179	1.343	532.477	-0.691
0.964	-0.268	11.531	2.162	1.335	530.040	-0.690
0.966	-0.268	11.537	2.162	1.327	531.259	-0.693
0.967	-0.274	11.531	2.138	1.352	528.822	-0.691
0.969	-0.268	11.537	2.138	1.352	523.948	-0.697
0.970	-0.262	11.525	2.130	1.335	519.074	-0.698
0.972	-0.268	11.525	2.121	1.343	527.603	-0.687
0.973	-0.262	11.531	2.113	1.352	522.729	-0.693
0.975	-0.268	11.531	2.105	1.343	520.293	-0.692
0.976	-0.268	11.531	2.097	1.335	521.511	-0.693
0.978	-0.262	11.531	2.080	1.343	523.948	-0.688
0.980	-0.262	11.537	2.072	1.352	520.293	-0.690
0.981	-0.274	11.531	2.080	1.343	520.293	-0.692
0.983	-0.250	11.537	2.056	1.335	516.637	-0.693
0.984	-0.256	11.525	2.056	1.352	520.293	-0.690
0.986	-0.256	11.537	2.048	1.335	520.293	-0.688
0.987	-0.262	11.543	2.040	1.343	514.200	-0.691
0.989	-0.256	11.537	2.031	1.352	512.982	-0.695
0.990	-0.250	11.531	2.015	1.343	515.419	-0.695
0.992	-0.256	11.537	2.023	1.343	522.729	-0.686
0.994	-0.256	11.537	2.015	1.335	516.637	-0.687
0.995	-0.244	11.531	1.990	1.352	510.545	-0.691
0.997	-0.250	11.537	1.999	1.352	508.108	-0.696
0.998	-0.256	11.537	1.990	1.352	516.637	-0.692
1.000	24.700	11.556	2.048	1.360	498.360	-0.702
1.001	46.697	11.531	2.040	1.352	509.326	-0.691
1.003	49.266	11.525	2.080	1.343	526.385	-0.692
1.004	49.534	11.519	2.105	1.343	539.788	-0.695
1.006	49.547	11.537	2.154	1.360	539.788	-0.690
1.007	49.540	11.537	2.179	1.352	537.351	-0.690
1.009	49.540	11.519	2.220	1.343	536.133	-0.688
1.011	49.534	11.537	2.244	1.343	536.133	-0.695
1.012	49.504	11.537	2.269	1.360	541.007	-0.687
1.014	49.522	11.519	2.302	1.360	533.696	-0.688
1.015	49.516	11.543	2.334	1.343	530.040	-0.690
1.017	49.510	11.525	2.359	1.343	528.822	-0.692
1.018	49.498	11.531	2.384	1.352	530.040	-0.692
1.020	49.492	11.543	2.425	1.343	533.696	-0.688
1.021	49.492	11.543	2.449	1.335	531.259	-0.690
1.023	49.480	11.525	2.474	1.343	526.385	-0.688
1.025	49.480	11.537	2.498	1.352	525.166	-0.691
1.026	49.467	11.537	2.523	1.352	532.477	-0.688
1.028	49.455	11.525	2.539	1.352	526.385	-0.687
1.029	49.449	11.537	2.580	1.352	523.948	-0.687
1.031	49.449	11.531	2.605	1.335	521.511	-0.692
1.032	49.437	11.519	2.621	1.352	530.040	-0.690
1.034	49.431	11.537	2.646	1.343	528.822	-0.685
1.035	49.431	11.537	2.670	1.360	521.511	-0.690
1.037	49.419	11.531	2.711	1.335	515.419	-0.692
1.038	49.413	11.537	2.719	1.352	519.074	-0.691
1.040	49.407	11.531	2.736	1.343	520.293	-0.691
1.042	49.407	11.531	2.777	1.352	517.856	-0.690
1.043	49.394	11.531	2.801	1.343	519.074	-0.688
1.045	49.394	11.537	2.809	1.343	514.200	-0.692
1.046	49.388	11.537	2.826	1.343	515.419	-0.692
1.048	49.382	11.537	2.867	1.343	519.074	-0.690
1.049	49.388	11.537	2.883	1.343	519.074	-0.685
1.051	49.370	11.531	2.908	1.352	510.545	-0.693
1.052	49.370	11.531	2.932	1.343	514.200	-0.696
1.054	49.370	11.537	2.957	1.343	519.074	-0.688
1.056	49.364	11.537	2.981	1.352	509.326	-0.691
1.057	49.358	11.537	2.998	1.352	505.671	-0.693
1.059	49.352	11.531	3.031	1.343	511.763	-0.693
1.060	49.358	11.537	3.031	1.343	517.856	-0.693
1.062	49.346	11.543	3.063	1.335	528.822	-0.692
1.063	49.340	11.537	3.088	1.335	536.133	-0.691
1.065	49.340	11.537	3.121	1.352	532.477	-0.695
1.066	49.340	11.537	3.129	1.343	533.696	-0.695
1.068	49.333	11.543	3.154	1.352	537.351	-0.691
1.069	49.321	11.537	3.170	1.360	541.007	-0.686
1.071	49.315	11.537	3.194	1.352	531.259	-0.692
1.073	49.309	11.537	3.211	1.343	528.822	-0.698
1.074	49.303	11.531	3.235	1.352	531.259	-0.695
1.076	49.303	11.537	3.252	1.352	534.914	-0.690
1.077	49.297	11.549	3.276	1.343	528.822	-0.693
1.079	49.297	11.537	3.293	1.352	525.166	-0.693
1.080	49.285	11.537	3.309	1.343	530.040	-0.692
1.082	49.285	11.537	3.326	1.352	516.637	-0.703
1.083	49.279	11.549	3.350	1.352	523.948	-0.693
1.085	49.285	11.525	3.383	1.343	527.603	-0.693
1.087	49.279	11.543	3.399	1.360	522.729	-0.697
1.088	49.273	11.543	3.416	1.352	519.074	-0.695
1.090	49.273	11.537	3.424	1.335	523.948	-0.691
1.091	49.273	11.543	3.457	1.343	520.293	-0.692
1.093	49.260	11.543	3.481	1.352	515.419	-0.698
1.094	49.254	11.525	3.498	1.352	519.074	-0.693
1.096	49.248	11.543	3.514	1.352	522.729	-0.690
1.097	49.236	11.537	3.530	1.343	517.856	-0.690
1.099	49.242	11.543	3.555	1.360	517.856	-0.691
1.100	49.242	11.543	3.571	1.352	516.637	-0.695
1.102	49.230	11.537	3.596	1.335	511.763	-0.695
1.104	49.230	11.531	3.620	1.360	515.419	-0.693
1.105	49.212	11.537	3.637	1.352	512.982	-0.693
1.107	49.206	11.531	3.670	1.352	511.763	-0.695
1.108	49.199	11.519	3.678	1.343	511.763	-0.693
1.110	49.199	11.537	3.694	1.352	516.637	-0.691
1.111	49.187	11.537	3.719	1.343	523.948	-0.688
1.113	49.181	11.537	3.727	1.343	522.729	-0.697
1.114	49.181	11.537	3.760	1.352	536.133	-0.695
1.116	49.175	11.537	3.768	1.343	543.444	-0.690
1.118	49.163	11.531	3.792	1.352	534.914	-0.692
1.119	49.169	11.543	3.825	1.343	532.477	-0.697
1.121	49.157	11.537	3.817	1.352	534.914	-0.695
1.122	49.151	11.543	3.850	1.352	534.914	-0.695
1.124	49.151	11.537	3.866	1.343	536.133	-0.693
1.125	49.145	11.531	3.882	1.352	536.133	-0.692
1.127	49.133	11.531	3.899	1.343	536.133	-0.692
1.128	49.133	11.531	3.923	1.360	532.477	-0.693
1.130	49.120	11.537	3.940	1.360	534.914	-0.691
1.131	49.120	11.531	3.956	1.352	530.040	-0.696
1.133	49.120	11.531	3.989	1.352	522.729	-0.701
1.135	49.114	11.537	4.005	1.343	530.040	-0.695
1.136	49.108	11.519	4.014	1.352	531.259	-0.688
1.138	49.120	11.531	4.030	1.343	527.603	-0.690
1.139	49.102	11.537	4.063	1.343	526.385	-0.695
1.141	49.102	11.531	4.079	1.360	525.166	-0.696
1.142	49.090	11.531	4.087	1.343	526.385	-0.692
1.144	49.078	11.537	4.112	1.352	523.948	-0.693
1.145	49.090	11.519	4.128	1.352	525.166	-0.697
1.147	49.114	11.531	4.145	1.352	526.385	-0.691
1.149	49.096	11.537	4.145	1.352	522.729	-0.693
1.150	49.206	11.531	4.161	1.335	517.856	-0.696
1.152	31.507	11.519	4.120	1.360	556.847	-0.667
1.153	3.190	11.537	4.128	1.352	502.015	-0.698
1.155	-0.073	11.543	4.104	1.352	512.982	-0.698
1.156	-0.481	11.537	4.087	1.343	525.166	-0.690
1.158	-0.542	11.549	4.055	1.352	516.637	-0.692
1.159	-0.542	11.543	4.046	1.360	511.763	-0.697
1.161	-0.536	11.537	4.022	1.343	510.545	-0.702
1.162	-0.536	11.543	4.005	1.343	512.982	-0.697
1.164	-0.536	11.537	3.989	1.352	515.419	-0.693
1.166	-0.530	11.531	3.973	1.360	514.200	-0.695
1.167	-0.536	11.537	3.948	1.352	504.452	-0.701
1.169	-0.530	11.537	3.932	1.352	512.982	-0.698
1.170	-0.524	11.531	3.915	1.352	517.856	-0.696
1.172	-0.530	11.543	3.907	1.352	526.385	-0.695
1.173	-0.524	11.537	3.874	1.352	528.822	-0.697
1.175	-0.524	11.525	3.866	1.352	533.696	-0.699
1.176	-0.524	11.537	3.850	1.343	541.007	-0.698
1.178	-0.524	11.531	3.842	1.343	536.133	-0.692
1.180	-0.524	11.525	3.833	1.343	531.259	-0.693
1.181	-0.505	11.537	3.825	1.335	525.166	-0.702
1.183	-0.511	11.531	3.809	1.343	531.259	-0.701
1.184	-0.499	11.531	3.792	1.352	533.696	-0.696
1.186	-0.505	11.531	3.776	1.360	531.259	-0.696
1.187	-0.499	11.531	3.760	1.343	526.385	-0.696
1.189	-0.505	11.531	3.751	1.352	528.822	-0.697
1.190	-0.499	11.537	3.727	1.360	528.822	-0.696
1.192	-0.499	11.531	3.735	1.352	528.822	-0.693
1.193	-0.505	11.531	3.710	1.343	521.511	-0.697
1.195	-0.493	11.531	3.686	1.352	521.511	-0.699
1.197	-0.493	11.531	3.694	1.335	526.385	-0.697
1.198	-0.487	11.525	3.678	1.352	527.603	-0.693
1.200	-0.487	11.531	3.661	1.352	525.166	-0.693
1.201	-0.493	11.531	3.645	1.343	514.200	-0.698
1.203	-0.487	11.537	3.637	1.343	517.856	-0.699
1.204	-0.481	11.525	3.637	1.360	522.729	-0.698
1.206	-0.487	11.531	3.620	1.352	523.948	-0.693
1.207	-0.487	11.531	3.604	1.360	517.856	-0.698
1.209	-0.469	11.531	3.588	1.352	516.637	-0.697
1.211	-0.469	11.531	3.588	1.343	516.637	-0.699
1.212	-0.481	11.531	3.579	1.343	521.511	-0.697
1.214	-0.481	11.519	3.555	1.352	515.419	-0.693
1.215	-0.475	11.519	3.555	1.352	512.982	-0.697
1.217	-0.475	11.525	3.547	1.360	512.982	-0.698
1.218	-0.475	11.519	3.530	1.343	516.637	-0.695
1.220	-0.475	11.531	3.514	1.360	519.074	-0.692
1.221	-0.463	11.519	3.514	1.352	512.982	-0.696
1.223	-0.463	11.513	3.498	1.360	520.293	-0.696
1.224	-0.469	11.525	3.465	1.343	526.385	-0.695
1.226	-0.469	11.519	3.473	1.352	538.570	-0.695
1.228	-0.457	11.519	3.465	1.343	541.007	-0.692
1.229	-0.451	11.525	3.448	1.360	536.133	-0.699
1.231	-0.451	11.519	3.448	1.352	533.696	-0.696
1.232	-0.457	11.513	3.424	1.343	533.696	-0.697
1.234	-0.457	11.525	3.432	1.352	542.225	-0.687
1.235	-0.451	11.513	3.407	1.360	533.696	-0.693
1.237	-0.451	11.513	3.399	1.352	530.040	-0.699
1.238	-0.444	11.513	3.383	1.343	532.477	-0.696
1.240	-0.444	11.525	3.375	1.360	534.914	-0.691
1.242	-0.444	11.519	3.375	1.368	527.603	-0.692
1.243	-0.444	11.519	3.366	1.360	527.603	-0.693
1.245	-0.451	11.525	3.342	1.352	525.166	-0.695
1.246	-0.438	11.513	3.334	1.368	526.385	-0.696
1.248	-0.444	11.513	3.326	1.368	530.040	-0.692
1.249	-0.432	11.513	3.317	1.352	528.822	-0.693
1.251	-0.426	11.507	3.309	1.352	523.948	-0.693
1.252	-0.432	11.513	3.293	1.360	522.729	-0.696
1.254	-0.438	11.513	3.285	1.360	528.822	-0.688
1.255	-0.426	11.513	3.276	1.352	523.948	-0.691
1.257	-0.432	11.519	3.268	1.360	520.293	-0.697
1.259	-0.432	11.519	3.260	1.352	520.293	-0.692
1.260	-0.420	11.513	3.252	1.352	526.385	-0.690
1.262	-0.420	11.519	3.235	1.352	517.856	-0.692
1.263	-0.420	11.525	3.227	1.352	519.074	-0.692
1.265	-0.414	11.525	3.219	1.360	517.856	-0.693
1.266	-0.420	11.519	3.203	1.360	517.856	-0.696
1.268	-0.414	11.525	3.203	1.360	517.856	-0.692
1.269	-0.414	11.537	3.178	1.352	515.419	-0.692
1.271	-0.414	11.525	3.186	1.352	514.200	-0.691
1.273	-0.414	11.549	3.178	1.352	514.200	-0.691
1.274	-0.408	11.537	3.154	1.352	515.419	-0.693
1.276	-0.414	11.531	3.154	1.360	514.200	-0.693
1.277	-0.414	11.537	3.145	1.352	511.763	-0.698
1.279	-0.414	11.543	3.129	1.360	509.326	-0.692
1.280	-0.414	11.543	3.137	1.368	519.074	-0.688
1.282	-0.408	11.543	3.121	1.352	520.293	-0.693
1.283	-0.402	11.543	3.096	1.360	526.385	-0.695
1.285	-0.414	11.549	3.080	1.343	531.259	-0.693
1.286	-0.408	11.537	3.088	1.360	536.133	-0.693
1.288	-0.408	11.549	3.080	1.352	534.914	-0.693
1.290	-0.396	11.556	3.072	1.352	533.696	-0.696
1.291	-0.408	11.549	3.055	1.360	536.133	-0.692
1.293	-0.402	11.549	3.047	1.352	531.259	-0.693
1.294	-0.396	11.556	3.047	1.360	534.914	-0.691
1.296	-0.384	11.556	3.031	1.360	533.696	-0.687
1.297	-0.377	11.562	3.014	1.360	525.166	-0.697
1.299	-0.384	11.562	2.998	1.343	527.603	-0.697
1.300	-0.384	11.549	2.981	1.352	536.133	-0.690
1.302	-0.384	11.549	2.973	1.368	530.040	-0.691
1.304	-0.384	11.549	2.965	1.360	534.914	-0.686
1.305	-0.377	11.556	2.973	1.360	525.166	-0.693
1.307	-0.384	11.562	2.949	1.360	523.948	-0.691
1.308	-0.390	11.549	2.941	1.352	523.948	-0.695
1.310	-0.371	11.549	2.932	1.352	522.729	-0.695
1.311	-0.384	11.549	2.916	1.352	522.729	-0.695
1.313	-0.377	11.556	2.908	1.360	520.293	-0.693
1.314	-0.365	11.549	2.908	1.360	521.511	-0.692
1.316	-0.377	11.556	2.900	1.352	521.511	-0.691
1.317	-0.371	11.549	2.891	1.343	517.856	-0.696
1.319	-0.371	11.537	2.875	1.352	514.200	-0.695
1.321	-0.377	11.537	2.883	1.352	522.729	-0.688
1.322	-0.371	11.537	2.867	1.360	520.293	-0.687
1.324	-0.365	11.543	2.859	1.352	515.419	-0.693
1.325	-0.359	11.543	2.834	1.360	512.982	-0.693
1.327	-0.371	11.531	2.834	1.352	512.982	-0.693
1.328	-0.365	11.537	2.826	1.352	512.982	-0.691
1.330	-0.359	11.543	2.826	1.352	511.763	-0.695
1.331	-0.359	11.543	2.801	1.352	515.419	-0.691
1.333	-0.365	11.537	2.809	1.352	520.293	-0.692
1.335	-0.353	11.543	2.801	1.360	525.166	-0.693
1.336	-0.365	11.543	2.785	1.352	530.040	-0.695
1.338	-0.359	11.543	2.760	1.343	538.570	-0.690
1.339	-0.365	11.543	2.760	1.343	536.133	-0.691
1.341	-0.347	11.543	2.752	1.368	542.225	-0.692
1.342	-0.353	11.537	2.752	1.360	537.351	-0.688
1.344	-0.347	11.543	2.752	1.352	537.351	-0.690
1.345	-0.347	11.549	2.719	1.360	533.696	-0.691
1.347	-0.347	11.531	2.728	1.352	531.259	-0.692
1.348	-0.347	11.543	2.711	1.352	536.133	-0.691
1.350	-0.335	11.543	2.695	1.352	532.477	-0.696
1.352	-0.335	11.543	2.695	1.352	532.477	-0.690
1.353	-0.347	11.537	2.678	1.360	528.822	-0.691
1.355	-0.347	11.543	2.678	1.360	531.259	-0.690
1.356	-0.341	11.531	2.662	1.360	530.040	-0.692
1.358	-0.341	11.531	2.662	1.360	530.040	-0.687
1.359	-0.335	11.543	2.654	1.352	522.729	-0.698
1.361	-0.335	11.531	2.637	1.360	526.385	-0.688
1.362	-0.341	11.537	2.629	1.360	523.948	-0.688
1.364	-0.329	11.519	2.637	1.352	523.948	-0.690
1.366	-0.341	11.525	2.629	1.335	517.856	-0.697
1.367	-0.341	11.531	2.621	1.360	522.729	-0.690
1.369	-0.335	11.537	2.605	1.360	521.511	-0.690
1.370	-0.329	11.537	2.597	1.352	523.948	-0.687
1.372	-0.329	11.525	2.588	1.352	521.511	-0.693
1.373	-0.317	11.537	2.580	1.360	516.637	-0.692
1.375	-0.329	11.543	2.564	1.360	519.074	-0.695
1.376	-0.323	11.531	2.556	1.360	522.729	-0.690
1.378	-0.329	11.531	2.556	1.360	517.856	-0.687
1.379	-0.329	11.531	2.547	1.360	514.200	-0.692
1.381	-0.335	11.519	2.539	1.360	514.200	-0.693
1.383	-0.323	11.531	2.531	1.343	519.074	-0.686
1.384	-0.323	11.525	2.523	1.352	516.637	-0.686
1.386	-0.323	11.531	2.515	1.360	509.326	-0.692
1.387	-0.323	11.531	2.506	1.343	508.108	-0.691
1.389	-0.323	11.531	2.490	1.352	504.452	-0.691
1.390	-0.311	11.519	2.482	1.352	511.763	-0.690
1.392	-0.323	11.525	2.490	1.360	516.637	-0.686
1.393	-0.317	11.531	2.457	1.360	523.948	-0.691
1.395	-0.317	11.519	2.465	1.360	523.948	-0.693
1.397	-0.311	11.525	2.457	1.343	536.133	-0.691
1.398	-0.311	11.531	2.449	1.352	542.225	-0.682
1.400	-0.304	11.513	2.433	1.352	531.259	-0.691
1.401	-0.311	11.519	2.433	1.360	530.040	-0.698
1.403	-0.311	11.519	2.425	1.360	533.696	-0.691
1.404	-0.298	11.519	2.416	1.343	534.914	-0.686
1.406	-0.304	11.525	2.416	1.352	531.259	-0.688
1.407	-0.304	11.519	2.408	1.352	528.822	-0.691
1.409	-0.304	11.519	2.392	1.343	525.166	-0.692
1.410	-0.304	11.513	2.400	1.352	530.040	-0.693
1.412	-0.311	11.513	2.384	1.352	530.040	-0.687
1.414	-0.292	11.519	2.367	1.360	525.166	-0.691
1.415	-0.304	11.507	2.367	1.343	531.259	-0.686
1.417	-0.298	11.519	2.343	1.352	526.385	-0.691
1.418	-0.304	11.519	2.334	1.360	525.166	-0.687
1.420	-0.298	11.507	2.343	1.352	522.729	-0.690
1.421	-0.298	11.519	2.326	1.352	517.856	-0.698
1.423	-0.286	11.519	2.334	1.343	522.729	-0.693
1.424	-0.292	11.513	2.310	1.352	525.166	-0.687
1.426	-0.286	11.507	2.310	1.368	517.856	-0.691
1.428	-0.292	11.507	2.302	1.352	519.074	-0.688
1.429	-0.292	11.501	2.285	1.360	515.419	-0.695
1.431	-0.280	11.513	2.269	1.352	516.637	-0.691
1.432	-0.298	11.507	2.261	1.352	517.856	-0.690
1.434	-0.274	11.501	2.269	1.352	515.419	-0.690
1.435	-0.280	11.507	2.253	1.360	509.326	-0.693
1.437	-0.286	11.513	2.244	1.343	516.637	-0.690
1.438	-0.280	11.507	2.236	1.352	515.419	-0.687
1.440	-0.292	11.501	2.236	1.360	511.763	-0.691
1.441	-0.280	11.507	2.212	1.360	506.889	-0.697
1.443	-0.274	11.501	2.236	1.352	515.419	-0.692
