Time (ms)	Ch1 V	Ch2 V	Ch1 A	Ch2 A	RPM	Torque
0.000	25.504	19.909	2.859	2.277	901.678	-0.913
0.002	46.594	19.878	2.834	2.277	884.619	-0.920
0.003	49.059	19.884	2.867	2.277	883.401	-0.925
0.005	49.321	19.878	2.916	2.277	884.619	-0.927
0.006	49.346	19.872	2.941	2.277	880.964	-0.925
0.008	49.340	19.866	2.957	2.277	876.090	-0.924
0.009	49.333	19.872	2.990	2.277	884.619	-0.919
0.011	49.333	19.854	3.022	2.277	876.090	-0.924
0.012	49.333	19.884	3.039	2.285	874.871	-0.929
0.014	49.321	19.872	3.072	2.269	877.308	-0.924
0.015	49.315	19.872	3.088	2.261	876.090	-0.920
0.017	49.321	19.860	3.104	2.285	866.342	-0.927
0.019	49.315	19.860	3.137	2.277	868.779	-0.925
0.020	49.309	19.866	3.145	2.269	871.216	-0.924
0.022	49.303	19.860	3.178	2.285	868.779	-0.923
0.023	49.291	19.860	3.203	2.277	873.653	-0.919
0.025	49.297	19.848	3.219	2.285	873.653	-0.922
0.026	49.279	19.854	3.227	2.277	878.527	-0.929
0.028	49.291	19.842	3.276	2.269	884.619	-0.923
0.029	49.279	19.854	3.276	2.269	896.804	-0.918
0.031	49.279	19.854	3.301	2.277	887.056	-0.924
0.033	49.279	19.854	3.317	2.269	884.619	-0.931
0.034	49.279	19.848	3.334	2.277	891.930	-0.922
0.036	49.273	19.866	3.358	2.269	887.056	-0.922
0.037	49.266	19.842	3.375	2.277	887.056	-0.922
0.039	49.260	19.866	3.391	2.269	883.401	-0.920
0.040	49.248	19.848	3.416	2.277	884.619	-0.919
0.042	49.254	19.866	3.440	2.277	878.527	-0.924
0.043	49.236	19.842	3.448	2.269	880.964	-0.923
0.045	49.242	19.848	3.473	2.277	878.527	-0.924
0.046	49.236	19.836	3.498	2.269	876.090	-0.927
0.048	49.230	19.854	3.498	2.269	874.871	-0.927
0.050	49.230	19.823	3.522	2.269	874.871	-0.923
0.051	49.224	19.854	3.530	2.269	869.997	-0.928
0.053	49.224	19.836	3.563	2.269	866.342	-0.930
0.054	49.212	19.842	3.571	2.269	873.653	-0.922
0.056	49.212	19.823	3.588	2.277	867.560	-0.923
0.057	49.206	19.842	3.620	2.269	863.905	-0.924
0.059	49.199	19.817	3.637	2.269	868.779	-0.922
0.060	49.199	19.836	3.645	2.269	872.434	-0.925
0.062	49.181	19.811	3.670	2.261	879.745	-0.923
0.064	49.187	19.836	3.670	2.269	883.401	-0.925
0.065	49.175	19.823	3.702	2.269	885.838	-0.929
0.067	49.175	19.836	3.702	2.269	882.182	-0.927
0.068	49.169	19.811	3.727	2.269	889.493	-0.923
0.070	49.169	19.830	3.735	2.253	887.056	-0.920
0.071	49.163	19.817	3.743	2.261	880.964	-0.925
0.073	49.157	19.836	3.768	2.261	885.838	-0.930
0.074	49.151	19.823	3.792	2.277	884.619	-0.923
0.076	49.145	19.836	3.801	2.261	882.182	-0.920
0.077	49.139	19.817	3.817	2.253	874.871	-0.927
0.079	49.139	19.830	3.842	2.261	871.216	-0.928
0.081	49.133	19.823	3.850	2.261	873.653	-0.929
0.082	49.139	19.830	3.866	2.277	874.871	-0.927
0.084	49.133	19.823	3.874	2.269	872.434	-0.924
0.085	49.133	19.836	3.882	2.261	867.560	-0.925
0.087	49.139	19.823	3.915	2.261	867.560	-0.928
0.088	49.126	19.836	3.923	2.261	871.216	-0.928
0.090	49.120	19.823	3.932	2.277	877.308	-0.919
0.091	49.126	19.830	3.956	2.277	876.090	-0.927
0.093	49.126	19.817	3.973	2.277	882.182	-0.930
0.095	49.120	19.817	3.989	2.269	890.712	-0.925
0.096	49.114	19.830	3.989	2.261	890.712	-0.927
0.098	49.114	19.817	4.014	2.261	885.838	-0.930
0.099	49.102	19.817	4.030	2.269	885.838	-0.925
0.101	49.108	19.830	4.038	2.261	890.712	-0.923
0.102	49.096	19.817	4.063	2.277	884.619	-0.924
0.104	49.090	19.805	4.087	2.261	885.838	-0.924
0.105	49.084	19.817	4.087	2.261	885.838	-0.924
0.107	49.090	19.811	4.112	2.261	884.619	-0.925
0.108	49.084	19.811	4.112	2.261	880.964	-0.924
0.110	49.084	19.799	4.136	2.261	876.090	-0.927
0.112	49.072	19.811	4.153	2.253	873.653	-0.929
0.113	49.066	19.793	4.153	2.269	874.871	-0.931
0.115	49.072	19.811	4.186	2.253	879.745	-0.922
0.116	49.066	19.799	4.202	2.269	873.653	-0.924
0.118	49.066	19.817	4.202	2.261	868.779	-0.927
0.119	49.072	19.799	4.235	2.269	867.560	-0.928
0.121	49.066	19.811	4.227	2.269	871.216	-0.925
0.122	49.066	19.793	4.243	2.261	865.123	-0.925
0.124	49.059	19.817	4.259	2.253	862.686	-0.927
0.126	49.059	19.793	4.284	2.269	869.997	-0.928
0.127	49.053	19.811	4.300	2.261	873.653	-0.931
0.129	49.047	19.793	4.300	2.253	882.182	-0.927
0.130	49.053	19.811	4.325	2.269	888.275	-0.927
0.132	49.029	19.793	4.333	2.269	885.838	-0.929
0.133	49.035	19.817	4.349	2.261	885.838	-0.927
0.135	49.035	19.781	4.366	2.261	889.493	-0.923
0.136	49.029	19.805	4.390	2.253	884.619	-0.927
0.138	49.023	19.775	4.407	2.244	868.779	-0.939
0.139	49.029	19.787	4.407	2.261	878.527	-0.927
0.141	49.017	19.769	4.415	2.261	876.090	-0.930
0.143	49.011	19.787	4.431	2.269	873.653	-0.931
0.144	49.005	19.763	4.448	2.269	876.090	-0.927
0.146	48.999	19.787	4.456	2.261	876.090	-0.927
0.147	48.999	19.763	4.480	2.269	873.653	-0.927
0.149	48.992	19.781	4.497	2.261	873.653	-0.925
0.150	48.986	19.775	4.505	2.261	869.997	-0.927
0.152	48.980	19.775	4.505	2.269	866.342	-0.933
0.153	48.980	19.757	4.538	2.261	878.527	-0.929
0.155	48.974	19.781	4.546	2.261	872.434	-0.927
0.157	48.974	19.763	4.554	2.253	872.434	-0.930
0.158	48.968	19.763	4.571	2.261	877.308	-0.930
0.160	48.962	19.750	4.587	2.269	887.056	-0.931
0.161	48.950	19.769	4.595	2.253	894.367	-0.924
0.163	48.944	19.763	4.620	2.253	890.712	-0.925
0.164	48.950	19.769	4.628	2.253	889.493	-0.927
0.166	48.950	19.775	4.636	2.253	883.401	-0.929
0.167	48.950	19.775	4.652	2.253	888.275	-0.927
0.169	48.944	19.763	4.677	2.253	887.056	-0.925
0.170	48.938	19.775	4.677	2.253	879.745	-0.931
0.172	48.944	19.769	4.702	2.253	878.527	-0.929
0.174	48.932	19.769	4.710	2.261	878.527	-0.931
0.175	48.938	19.757	4.726	2.253	882.182	-0.924
0.177	48.926	19.757	4.734	2.253	876.090	-0.925
0.178	48.926	19.763	4.751	2.261	874.871	-0.929
0.180	48.919	19.757	4.767	2.253	876.090	-0.927
0.181	48.907	19.757	4.783	2.253	874.871	-0.928
0.183	48.926	19.750	4.800	2.253	872.434	-0.927
0.184	48.919	19.757	4.816	2.261	872.434	-0.928
0.186	48.907	19.750	4.816	2.253	867.560	-0.927
0.188	48.907	19.769	4.833	2.261	862.686	-0.935
0.189	48.907	19.763	4.833	2.253	867.560	-0.927
0.191	48.901	19.769	4.857	2.261	865.123	-0.930
0.192	48.895	19.757	4.874	2.253	873.653	-0.933
0.194	48.895	19.757	4.890	2.261	889.493	-0.923
0.195	48.883	19.744	4.890	2.253	891.930	-0.924
0.197	48.889	19.763	4.898	2.261	885.838	-0.930
0.198	48.883	19.732	4.915	2.253	882.182	-0.931
0.200	48.877	19.757	4.923	2.253	883.401	-0.929
0.201	48.871	19.738	4.947	2.261	883.401	-0.928
0.203	48.871	19.757	4.972	2.261	888.275	-0.923
0.205	48.871	19.738	4.972	2.253	878.527	-0.928
0.206	48.871	19.757	4.988	2.253	878.527	-0.931
0.208	48.871	19.732	4.996	2.261	878.527	-0.927
0.209	48.871	19.750	5.013	2.261	878.527	-0.928
0.211	48.852	19.726	5.029	2.261	871.216	-0.930
0.212	48.859	19.744	5.046	2.253	873.653	-0.930
0.214	48.852	19.732	5.054	2.253	880.964	-0.925
0.215	48.852	19.750	5.070	2.261	873.653	-0.924
0.217	48.840	19.726	5.078	2.253	869.997	-0.929
0.219	48.846	19.738	5.095	2.244	863.905	-0.931
0.220	48.846	19.726	5.103	2.253	865.123	-0.931
0.222	48.828	19.738	5.119	2.261	876.090	-0.925
0.223	48.834	19.732	5.128	2.244	878.527	-0.930
0.225	48.822	19.738	5.144	2.269	889.493	-0.927
0.226	48.822	19.708	5.168	2.269	893.149	-0.927
0.228	48.822	19.738	5.160	2.253	893.149	-0.925
0.229	48.810	19.726	5.185	2.261	889.493	-0.925
0.231	48.816	19.738	5.185	2.253	880.964	-0.936
0.232	48.804	19.720	5.218	2.244	884.619	-0.933
0.234	48.798	19.732	5.218	2.269	891.930	-0.924
0.236	48.785	19.738	5.234	2.253	883.401	-0.927
0.237	48.792	19.750	5.242	2.253	874.871	-0.933
0.239	48.785	19.732	5.259	2.261	877.308	-0.929
0.240	48.779	19.738	5.275	2.253	879.745	-0.929
0.242	48.792	19.720	5.283	2.261	879.745	-0.928
0.243	48.798	19.738	5.283	2.244	878.527	-0.927
0.245	48.785	19.732	5.291	2.261	876.090	-0.929
0.246	48.731	19.738	5.300	2.261	874.871	-0.929
0.248	48.785	19.732	5.300	2.261	874.871	-0.930
0.250	33.687	19.708	5.259	2.253	889.493	-0.927
0.251	3.349	19.720	5.259	2.253	848.065	-0.935
0.253	-0.134	19.738	5.242	2.261	856.594	-0.936
0.254	-0.578	19.757	5.218	2.253	867.560	-0.928
0.256	-0.639	19.738	5.168	2.261	869.997	-0.930
0.257	-0.633	19.744	5.136	2.253	874.871	-0.928
0.259	-0.645	19.732	5.119	2.261	878.527	-0.933
0.260	-0.645	19.738	5.103	2.261	885.838	-0.931
0.262	-0.639	19.732	5.070	2.253	887.056	-0.930
0.263	-0.639	19.738	5.046	2.261	884.619	-0.934
0.265	-0.633	19.738	5.013	2.253	884.619	-0.930
0.267	-0.639	19.738	5.005	2.253	884.619	-0.930
0.268	-0.627	19.720	4.980	2.253	887.056	-0.928
0.270	-0.633	19.738	4.956	2.269	880.964	-0.928
0.271	-0.621	19.720	4.939	2.261	873.653	-0.937
0.273	-0.621	19.738	4.906	2.261	877.308	-0.933
0.274	-0.621	19.726	4.898	2.253	888.275	-0.924
0.276	-0.621	19.738	4.882	2.261	879.745	-0.925
0.277	-0.609	19.720	4.849	2.277	872.434	-0.931
0.279	-0.609	19.732	4.841	2.269	868.779	-0.933
0.281	-0.603	19.714	4.833	2.261	868.779	-0.931
0.282	-0.603	19.738	4.800	2.261	873.653	-0.925
0.284	-0.603	19.714	4.783	2.253	868.779	-0.929
0.285	-0.609	19.738	4.767	2.261	872.434	-0.928
0.287	-0.591	19.714	4.743	2.261	869.997	-0.931
0.288	-0.591	19.744	4.710	2.261	880.964	-0.928
0.290	-0.591	19.714	4.710	2.261	888.275	-0.925
0.291	-0.578	19.726	4.693	2.261	885.838	-0.934
0.293	-0.578	19.702	4.677	2.253	889.493	-0.931
0.294	-0.584	19.714	4.644	2.253	896.804	-0.922
0.296	-0.584	19.708	4.620	2.253	891.930	-0.925
0.298	-0.584	19.726	4.620	2.269	887.056	-0.928
0.299	-0.572	19.708	4.595	2.269	883.401	-0.927
0.301	-0.572	19.720	4.587	2.261	885.838	-0.927
0.302	-0.566	19.708	4.562	2.261	883.401	-0.924
0.304	-0.572	19.714	4.554	2.269	878.527	-0.928
0.305	-0.560	19.708	4.538	2.261	878.527	-0.929
0.307	-0.560	19.714	4.505	2.253	880.964	-0.927
0.308	-0.554	19.702	4.480	2.269	880.964	-0.925
0.310	-0.566	19.708	4.472	2.261	874.871	-0.928
0.312	-0.560	19.702	4.456	2.269	866.342	-0.934
0.313	-0.560	19.708	4.439	2.253	872.434	-0.929
0.315	-0.554	19.696	4.423	2.261	878.527	-0.924
0.316	-0.548	19.708	4.407	2.261	872.434	-0.925
0.318	-0.542	19.708	4.390	2.261	867.560	-0.929
0.319	-0.548	19.714	4.374	2.253	866.342	-0.927
0.321	-0.542	19.714	4.358	2.261	866.342	-0.929
0.322	-0.542	19.714	4.341	2.261	872.434	-0.925
0.324	-0.536	19.714	4.325	2.253	877.308	-0.928
0.325	-0.530	19.708	4.308	2.269	884.619	-0.927
0.327	-0.536	19.714	4.292	2.285	888.275	-0.927
0.329	-0.536	19.696	4.284	2.261	890.712	-0.922
0.330	-0.530	19.708	4.267	2.261	883.401	-0.930
0.332	-0.524	19.708	4.251	2.253	877.308	-0.939
0.333	-0.524	19.702	4.227	2.253	884.619	-0.929
0.335	-0.536	19.696	4.218	2.253	898.022	-0.913
0.336	-0.524	19.708	4.194	2.261	880.964	-0.925
0.338	-0.518	19.702	4.177	2.261	873.653	-0.931
0.339	-0.518	19.702	4.169	2.244	874.871	-0.933
0.341	-0.505	19.683	4.161	2.261	878.527	-0.928
0.343	-0.505	19.702	4.136	2.261	877.308	-0.925
0.344	-0.499	19.690	4.120	2.269	873.653	-0.928
0.346	-0.499	19.702	4.120	2.261	867.560	-0.930
0.347	-0.505	19.677	4.104	2.269	866.342	-0.930
0.349	-0.505	19.702	4.079	2.261	873.653	-0.920
0.350	-0.499	19.690	4.079	2.253	873.653	-0.928
0.352	-0.499	19.702	4.055	2.253	869.997	-0.933
0.353	-0.493	19.677	4.046	2.269	877.308	-0.928
0.355	-0.493	19.702	4.030	2.261	889.493	-0.923
0.356	-0.493	19.671	4.005	2.261	888.275	-0.925
0.358	-0.487	19.690	3.981	2.277	890.712	-0.928
0.360	-0.493	19.677	3.964	2.269	891.930	-0.925
0.361	-0.475	19.683	3.956	2.261	887.056	-0.928
0.363	-0.475	19.665	3.956	2.269	887.056	-0.925
0.364	-0.475	19.690	3.932	2.269	883.401	-0.928
0.366	-0.481	19.671	3.923	2.269	882.182	-0.929
0.367	-0.481	19.683	3.899	2.253	878.527	-0.928
0.369	-0.475	19.659	3.899	2.261	882.182	-0.925
0.370	-0.475	19.690	3.866	2.261	883.401	-0.923
0.372	-0.463	19.671	3.866	2.261	869.997	-0.934
0.374	-0.475	19.677	3.842	2.269	880.964	-0.925
0.375	-0.469	19.671	3.825	2.261	879.745	-0.923
0.377	-0.463	19.677	3.809	2.269	873.653	-0.928
0.378	-0.457	19.665	3.792	2.269	873.653	-0.927
0.380	-0.463	19.683	3.784	2.261	872.434	-0.925
0.381	-0.457	19.671	3.768	2.261	872.434	-0.927
0.383	-0.457	19.671	3.760	2.261	866.342	-0.927
0.384	-0.451	19.671	3.751	2.269	862.686	-0.931
0.386	-0.444	19.659	3.735	2.261	866.342	-0.928
0.387	-0.457	19.665	3.727	2.253	871.216	-0.928
0.389	-0.451	19.659	3.710	2.253	880.964	-0.920
0.391	-0.451	19.659	3.702	2.261	878.527	-0.930
0.392	-0.438	19.641	3.678	2.269	883.401	-0.934
0.394	-0.438	19.647	3.661	2.261	888.275	-0.928
0.395	-0.444	19.635	3.645	2.261	893.149	-0.922
0.397	-0.438	19.641	3.629	2.269	885.838	-0.927
0.398	-0.444	19.635	3.629	2.261	882.182	-0.929
0.400	-0.432	19.635	3.612	2.269	888.275	-0.922
0.401	-0.438	19.616	3.604	2.261	882.182	-0.925
0.403	-0.438	19.635	3.571	2.277	879.745	-0.925
0.405	-0.426	19.629	3.563	2.244	879.745	-0.925
0.406	-0.426	19.647	3.563	2.269	876.090	-0.929
0.408	-0.438	19.616	3.530	2.261	873.653	-0.930
0.409	-0.420	19.647	3.522	2.269	874.871	-0.925
0.411	-0.420	19.623	3.506	2.261	868.779	-0.930
0.412	-0.426	19.641	3.506	2.269	872.434	-0.931
0.414	-0.420	19.610	3.473	2.253	872.434	-0.924
0.415	-0.414	19.629	3.473	2.269	871.216	-0.924
0.417	-0.414	19.604	3.448	2.269	865.123	-0.928
0.418	-0.414	19.629	3.432	2.269	874.871	-0.927
0.420	-0.414	19.598	3.440	2.269	883.401	-0.927
0.422	-0.408	19.616	3.407	2.269	888.275	-0.925
0.423	-0.408	19.586	3.407	2.269	891.930	-0.923
0.425	-0.408	19.610	3.391	2.269	890.712	-0.925
0.426	-0.414	19.586	3.375	2.269	889.493	-0.928
0.428	-0.402	19.598	3.358	2.269	885.838	-0.927
0.429	-0.408	19.568	3.342	2.261	887.056	-0.922
0.431	-0.408	19.592	3.326	2.261	883.401	-0.927
0.432	-0.390	19.562	3.317	2.261	878.527	-0.934
0.434	-0.402	19.580	3.309	2.261	890.712	-0.922
0.436	-0.402	19.562	3.293	2.261	880.964	-0.924
0.437	-0.396	19.568	3.276	2.261	874.871	-0.929
0.439	-0.396	19.568	3.268	2.261	878.527	-0.928
0.440	-0.384	19.562	3.252	2.269	877.308	-0.927
0.442	-0.390	19.550	3.244	2.261	877.308	-0.922
0.443	-0.377	19.550	3.219	2.269	873.653	-0.924
0.445	-0.377	19.531	3.211	2.269	868.779	-0.927
0.446	-0.384	19.525	3.194	2.277	865.123	-0.929
0.448	-0.384	19.519	3.186	2.269	872.434	-0.924
0.449	-0.390	19.513	3.186	2.277	872.434	-0.919
0.451	-0.377	19.519	3.162	2.269	861.468	-0.929
0.453	-0.377	19.513	3.154	2.269	868.779	-0.930
0.454	-0.371	19.507	3.129	2.261	876.090	-0.923
0.456	-0.365	19.501	3.113	2.261	879.745	-0.923
0.457	-0.371	19.501	3.113	2.269	882.182	-0.928
0.459	-0.377	19.489	3.096	2.253	885.838	-0.927
0.460	-0.371	19.501	3.088	2.269	889.493	-0.923
0.462	-0.365	19.483	3.072	2.261	884.619	-0.925
0.463	-0.359	19.495	3.072	2.261	885.838	-0.925
0.465	-0.359	19.470	3.039	2.269	882.182	-0.927
0.467	-0.359	19.489	3.031	2.269	873.653	-0.934
0.468	-0.359	19.464	3.014	2.261	880.964	-0.925
0.470	-0.359	19.476	3.006	2.277	882.182	-0.922
0.471	-0.359	19.452	2.998	2.261	874.871	-0.927
0.473	-0.353	19.483	2.981	2.269	876.090	-0.928
0.474	-0.347	19.452	2.973	2.277	878.527	-0.924
0.476	-0.347	19.470	2.957	2.269	874.871	-0.924
0.477	-0.335	19.440	2.941	2.261	868.779	-0.927
0.479	-0.353	19.458	2.924	2.269	872.434	-0.923
0.480	-0.347	19.440	2.908	2.269	871.216	-0.922
0.482	-0.347	19.446	2.900	2.261	869.997	-0.925
0.484	-0.341	19.428	2.883	2.269	867.560	-0.923
0.485	-0.347	19.434	2.867	2.269	873.653	-0.928
0.487	-0.335	19.422	2.859	2.269	883.401	-0.928
0.488	-0.329	19.422	2.859	2.269	891.930	-0.923
0.490	-0.335	19.416	2.842	2.277	889.493	-0.925
0.491	-0.335	19.409	2.826	2.277	889.493	-0.924
0.493	-0.335	19.397	2.809	2.269	888.275	-0.925
0.494	-0.329	19.397	2.809	2.277	893.149	-0.922
0.496	-0.329	19.385	2.793	2.269	884.619	-0.925
0.498	-0.329	19.385	2.777	2.269	880.964	-0.928
0.499	-0.438	19.379	2.760	2.269	878.527	-0.924
0.501	39.203	19.379	2.785	2.269	874.871	-0.912
0.502	48.207	19.373	2.818	2.277	876.090	-0.924
0.504	49.230	19.349	2.850	2.269	874.871	-0.928
0.505	49.346	19.361	2.867	2.269	876.090	-0.925
0.507	49.346	19.343	2.916	2.269	874.871	-0.924
0.508	49.352	19.355	2.932	2.269	878.527	-0.923
0.510	49.321	19.336	2.973	2.269	873.653	-0.922
0.511	49.327	19.343	2.990	2.277	871.216	-0.925
0.513	49.315	19.318	3.014	2.277	871.216	-0.925
0.515	49.327	19.330	3.031	2.277	872.434	-0.923
0.516	49.321	19.294	3.055	2.277	860.249	-0.925
0.518	49.321	19.294	3.080	2.277	862.686	-0.927
0.519	49.315	19.257	3.104	2.269	871.216	-0.923
0.521	49.309	19.257	3.121	2.277	878.527	-0.923
0.522	49.297	19.221	3.154	2.277	883.401	-0.922
0.524	49.309	19.257	3.162	2.269	888.275	-0.927
0.525	49.291	19.251	3.178	2.277	888.275	-0.929
0.527	49.285	19.306	3.211	2.277	887.056	-0.927
0.529	49.285	19.336	3.219	2.277	889.493	-0.924
0.530	49.285	19.379	3.252	2.285	878.527	-0.928
0.532	49.279	19.458	3.268	2.285	877.308	-0.937
0.533	49.279	19.525	3.293	2.269	885.838	-0.923
0.535	49.266	19.598	3.301	2.285	879.745	-0.923
0.536	49.266	19.659	3.334	2.277	877.308	-0.925
0.538	49.260	19.726	3.342	2.285	876.090	-0.925
0.539	49.266	19.775	3.366	2.285	876.090	-0.924
0.541	49.254	19.830	3.375	2.285	876.090	-0.925
0.542	49.248	19.878	3.399	2.277	871.216	-0.924
0.544	49.242	19.915	3.416	2.277	868.779	-0.928
0.546	49.242	19.915	3.440	2.277	868.779	-0.927
0.547	49.248	19.957	3.465	2.269	874.871	-0.925
0.549	49.236	19.945	3.481	2.285	872.434	-0.924
0.550	49.242	19.982	3.498	2.285	871.216	-0.929
0.552	49.236	19.988	3.514	2.277	878.527	-0.928
0.553	49.236	20.018	3.530	2.285	893.149	-0.925
0.555	49.224	20.012	3.538	2.269	891.930	-0.924
0.556	49.224	20.043	3.563	2.277	889.493	-0.925
0.558	49.230	20.030	3.579	2.269	887.056	-0.927
0.560	49.212	20.061	3.588	2.285	888.275	-0.927
0.561	49.218	20.049	3.612	2.277	887.056	-0.922
0.563	49.212	20.067	3.637	2.269	882.182	-0.927
0.564	49.199	20.055	3.653	2.277	883.401	-0.924
0.566	49.193	20.067	3.661	2.277	877.308	-0.930
0.567	49.199	20.055	3.678	2.277	883.401	-0.927
0.569	49.199	20.049	3.694	2.277	880.964	-0.923
0.570	49.193	20.049	3.710	2.269	874.871	-0.925
0.572	49.181	20.043	3.735	2.277	876.090	-0.927
0.573	49.181	20.043	3.743	2.285	878.527	-0.924
0.575	49.175	20.037	3.768	2.277	876.090	-0.923
0.577	49.175	20.030	3.776	2.269	872.434	-0.924
0.578	49.157	20.024	3.784	2.261	863.905	-0.930
0.580	49.157	20.030	3.809	2.285	871.216	-0.927
0.581	49.151	20.012	3.817	2.269	868.779	-0.927
0.583	49.151	20.012	3.842	2.277	861.468	-0.928
0.584	49.151	19.994	3.858	2.277	868.779	-0.927
0.586	49.145	19.988	3.866	2.277	869.997	-0.930
0.587	49.139	19.970	3.874	2.261	884.619	-0.928
0.589	49.120	19.982	3.899	2.269	890.712	-0.922
0.591	49.120	19.945	3.915	2.261	883.401	-0.929
0.592	49.133	19.951	3.940	2.261	885.838	-0.928
0.594	49.114	19.933	3.948	2.261	889.493	-0.927
0.595	49.108	19.939	3.964	2.269	884.619	-0.927
0.597	49.102	19.915	3.973	2.277	879.745	-0.929
0.598	49.108	19.909	4.005	2.285	879.745	-0.929
0.600	49.096	19.890	4.005	2.269	878.527	-0.929
0.601	49.096	19.903	4.030	2.269	879.745	-0.925
0.603	49.108	19.866	4.055	2.277	880.964	-0.924
0.604	49.090	19.878	4.046	2.277	876.090	-0.928
0.606	49.096	19.842	4.063	2.261	873.653	-0.929
0.608	49.096	19.842	4.087	2.269	878.527	-0.925
0.609	49.084	19.830	4.095	2.277	871.216	-0.929
0.611	49.084	19.830	4.112	2.261	865.123	-0.933
0.612	49.084	19.817	4.128	2.277	866.342	-0.930
0.614	49.078	19.805	4.145	2.277	874.871	-0.922
0.615	49.078	19.799	4.161	2.277	872.434	-0.924
0.617	49.066	19.787	4.169	2.269	874.871	-0.928
0.618	49.066	19.781	4.186	2.277	883.401	-0.930
0.620	49.072	19.769	4.194	2.285	891.930	-0.927
0.622	49.059	19.763	4.218	2.269	894.367	-0.924
0.623	49.053	19.750	4.235	2.269	893.149	-0.925
0.625	49.059	19.744	4.243	2.277	884.619	-0.928
0.626	49.047	19.732	4.251	2.277	885.838	-0.930
0.628	49.053	19.738	4.276	2.269	887.056	-0.925
0.629	49.047	19.708	4.292	2.277	879.745	-0.929
0.631	49.047	19.714	4.300	2.277	874.871	-0.936
0.632	49.041	19.683	4.333	2.277	878.527	-0.930
0.634	49.041	19.690	4.333	2.277	888.275	-0.922
0.635	49.035	19.659	4.349	2.269	882.182	-0.923
0.637	49.035	19.665	4.366	2.269	872.434	-0.928
0.639	49.029	19.641	4.366	2.277	872.434	-0.931
0.640	49.035	19.653	4.390	2.277	873.653	-0.928
0.642	49.035	19.623	4.399	2.277	871.216	-0.930
0.643	49.029	19.641	4.423	2.277	872.434	-0.927
0.645	49.023	19.629	4.431	2.277	868.779	-0.928
0.646	49.023	19.635	4.431	2.285	866.342	-0.930
0.648	49.023	19.610	4.456	2.269	867.560	-0.923
0.649	49.011	19.623	4.480	2.277	867.560	-0.925
0.651	49.011	19.604	4.480	2.277	861.468	-0.935
0.653	49.011	19.598	4.489	2.277	876.090	-0.929
0.654	48.992	19.580	4.513	2.277	894.367	-0.922
0.656	48.986	19.586	4.530	2.269	888.275	-0.929
0.657	48.992	19.574	4.546	2.277	884.619	-0.931
0.659	48.986	19.562	4.554	2.277	885.838	-0.930
0.660	48.980	19.562	4.571	2.285	879.745	-0.931
0.662	48.968	19.543	4.579	2.277	882.182	-0.931
0.663	48.974	19.543	4.587	2.269	874.871	-0.931
0.665	48.962	19.531	4.603	2.269	877.308	-0.931
0.666	48.956	19.531	4.620	2.277	883.401	-0.925
0.668	48.950	19.525	4.644	2.269	882.182	-0.924
0.670	48.950	19.525	4.636	2.269	874.871	-0.928
0.671	48.950	19.507	4.669	2.269	868.779	-0.935
0.673	48.950	19.513	4.685	2.277	868.779	-0.931
0.674	48.938	19.501	4.710	2.277	876.090	-0.925
0.676	48.932	19.507	4.710	2.277	871.216	-0.927
0.677	48.932	19.501	4.718	2.277	865.123	-0.929
0.679	48.919	19.507	4.743	2.277	873.653	-0.930
0.680	48.913	19.483	4.751	2.277	871.216	-0.925
0.682	48.919	19.495	4.759	2.277	877.308	-0.925
0.684	48.907	19.464	4.775	2.277	882.182	-0.930
0.685	48.901	19.476	4.792	2.285	888.275	-0.930
0.687	48.901	19.452	4.800	2.277	896.804	-0.927
0.688	48.901	19.470	4.816	2.277	893.149	-0.925
0.690	48.901	19.440	4.824	2.285	888.275	-0.928
0.691	48.901	19.458	4.833	2.277	880.964	-0.936
0.693	48.901	19.434	4.857	2.285	883.401	-0.934
0.694	48.883	19.470	4.865	2.285	890.712	-0.924
0.696	48.895	19.434	4.865	2.269	883.401	-0.928
0.697	48.883	19.446	4.890	2.277	879.745	-0.929
0.699	48.889	19.434	4.915	2.285	884.619	-0.928
0.701	48.877	19.446	4.931	2.285	880.964	-0.929
0.702	48.883	19.416	4.939	2.285	877.308	-0.930
0.704	48.865	19.422	4.956	2.293	873.653	-0.929
0.705	48.871	19.416	4.956	2.285	868.779	-0.933
0.707	48.871	19.409	4.980	2.277	869.997	-0.931
0.708	48.865	19.403	4.988	2.285	874.871	-0.927
0.710	48.859	19.416	5.005	2.285	869.997	-0.929
0.711	48.859	19.409	5.013	2.277	863.905	-0.935
0.713	48.846	19.409	5.021	2.293	868.779	-0.929
0.715	48.840	19.416	5.046	2.285	872.434	-0.923
0.716	48.840	19.428	5.054	2.285	865.123	-0.930
0.718	48.846	19.428	5.062	2.277	872.434	-0.933
0.719	48.834	19.428	5.078	2.285	878.527	-0.933
0.721	48.834	19.422	5.087	2.293	887.056	-0.933
0.722	48.834	19.422	5.111	2.285	890.712	-0.929
0.724	48.834	19.422	5.119	2.277	884.619	-0.930
0.725	48.828	19.409	5.144	2.293	882.182	-0.934
0.727	48.828	19.428	5.144	2.285	883.401	-0.929
0.728	48.828	19.403	5.160	2.269	876.090	-0.930
0.730	48.822	19.409	5.185	2.293	877.308	-0.934
0.732	48.822	19.403	5.185	2.285	878.527	-0.936
0.733	48.816	19.416	5.209	2.285	883.401	-0.931
0.735	48.804	19.403	5.218	2.293	880.964	-0.928
0.736	48.816	19.409	5.218	2.277	872.434	-0.930
0.738	48.810	19.397	5.250	2.293	868.779	-0.933
0.739	48.798	19.416	5.250	2.293	868.779	-0.933
0.741	48.798	19.397	5.275	2.285	869.997	-0.930
0.742	48.798	19.422	5.283	2.277	867.560	-0.931
0.744	48.785	19.391	5.283	2.285	867.560	-0.928
0.746	48.779	19.422	5.308	2.277	867.560	-0.933
0.747	48.779	19.397	5.332	2.277	877.308	-0.929
0.749	48.773	19.422	5.340	2.293	883.401	-0.924
0.750	12.536	19.391	5.316	2.310	910.207	-0.897
0.752	0.925	19.422	5.283	2.293	882.182	-0.936
0.753	-0.463	19.409	5.250	2.302	890.712	-0.931
0.755	-0.627	19.422	5.226	2.285	893.149	-0.927
0.756	-0.651	19.403	5.185	2.285	887.056	-0.929
0.758	-0.651	19.409	5.160	2.285	885.838	-0.928
0.759	-0.651	19.385	5.144	2.302	885.838	-0.929
0.761	-0.651	19.397	5.119	2.293	879.745	-0.929
0.763	-0.651	19.385	5.095	2.293	880.964	-0.931
0.764	-0.633	19.409	5.070	2.293	879.745	-0.934
0.766	-0.645	19.391	5.029	2.293	876.090	-0.930
0.767	-0.639	19.422	5.029	2.285	878.527	-0.929
0.769	-0.639	19.397	4.996	2.293	882.182	-0.924
0.770	-0.633	19.422	4.980	2.302	874.871	-0.931
0.772	-0.627	19.422	4.947	2.293	869.997	-0.936
0.773	-0.621	19.422	4.931	2.302	871.216	-0.930
0.775	-0.621	19.422	4.906	2.293	873.653	-0.928
0.777	-0.615	19.440	4.882	2.293	867.560	-0.931
0.778	-0.615	19.440	4.865	2.293	867.560	-0.931
0.780	-0.615	19.440	4.841	2.285	867.560	-0.930
0.781	-0.609	19.434	4.833	2.285	866.342	-0.931
0.783	-0.609	19.446	4.808	2.302	872.434	-0.930
0.784	-0.597	19.452	4.783	2.293	877.308	-0.930
0.786	-0.597	19.446	4.775	2.293	882.182	-0.933
0.787	-0.603	19.452	4.759	2.293	890.712	-0.930
0.789	-0.603	19.440	4.734	2.310	890.712	-0.925
0.790	-0.603	19.458	4.718	2.293	883.401	-0.931
0.792	-0.591	19.446	4.693	2.293	885.838	-0.934
0.794	-0.578	19.452	4.677	2.293	888.275	-0.924
0.795	-0.578	19.458	4.652	2.302	876.090	-0.935
0.797	-0.591	19.458	4.652	2.302	876.090	-0.930
0.798	-0.578	19.458	4.620	2.293	874.871	-0.930
0.800	-0.578	19.470	4.620	2.293	877.308	-0.931
0.801	-0.572	19.458	4.595	2.318	879.745	-0.928
0.803	-0.572	19.470	4.579	2.310	871.216	-0.929
0.804	-0.566	19.464	4.562	2.285	873.653	-0.928
0.806	-0.572	19.476	4.530	2.310	871.216	-0.930
0.808	-0.572	19.489	4.521	2.302	873.653	-0.925
0.809	-0.560	19.489	4.505	2.302	867.560	-0.927
0.811	-0.554	19.476	4.489	2.310	866.342	-0.934
0.812	-0.548	19.501	4.480	2.293	868.779	-0.934
0.814	-0.554	19.470	4.456	2.310	885.838	-0.924
0.815	-0.554	19.507	4.439	2.302	884.619	-0.928
0.817	-0.554	19.489	4.431	2.293	888.275	-0.930
0.818	-0.542	19.501	4.399	2.302	888.275	-0.928
0.820	-0.548	19.489	4.390	2.302	888.275	-0.928
0.821	-0.554	19.513	4.374	2.310	890.712	-0.927
0.823	-0.542	19.501	4.366	2.302	884.619	-0.927
0.825	-0.536	19.519	4.349	2.302	884.619	-0.931
0.826	-0.530	19.501	4.325	2.310	884.619	-0.930
0.828	-0.536	19.519	4.300	2.302	883.401	-0.925
0.829	-0.530	19.495	4.292	2.302	888.275	-0.922
0.831	-0.536	19.513	4.267	2.310	879.745	-0.928
0.832	-0.530	19.507	4.259	2.302	880.964	-0.931
0.834	-0.530	19.519	4.243	2.318	883.401	-0.923
0.835	-0.524	19.507	4.218	2.302	872.434	-0.929
0.837	-0.524	19.531	4.210	2.302	872.434	-0.928
0.839	-0.524	19.513	4.186	2.302	872.434	-0.928
0.840	-0.518	19.543	4.186	2.302	872.434	-0.928
0.842	-0.511	19.537	4.161	2.302	871.216	-0.929
0.843	-0.511	19.543	4.145	2.318	869.997	-0.925
0.845	-0.518	19.531	4.145	2.318	863.905	-0.928
0.846	-0.499	19.531	4.128	2.302	868.779	-0.928
0.848	-0.511	19.525	4.095	2.293	866.342	-0.928
0.849	-0.499	19.537	4.087	2.310	877.308	-0.925
0.851	-0.499	19.537	4.079	2.310	879.745	-0.929
0.852	-0.505	19.550	4.055	2.302	893.149	-0.927
0.854	-0.499	19.531	4.046	2.310	896.804	-0.923
0.856	-0.493	19.556	4.038	2.302	887.056	-0.929
0.857	-0.487	19.568	4.014	2.310	877.308	-0.931
0.859	-0.493	19.556	4.005	2.302	879.745	-0.930
0.860	-0.487	19.550	3.989	2.302	879.745	-0.931
0.862	-0.487	19.568	3.981	2.310	880.964	-0.929
0.863	-0.487	19.568	3.956	2.302	877.308	-0.928
0.865	-0.481	19.568	3.948	2.302	877.308	-0.929
0.866	-0.481	19.574	3.915	2.310	877.308	-0.927
0.868	-0.475	19.574	3.915	2.302	876.090	-0.924
0.870	-0.475	19.586	3.907	2.318	871.216	-0.925
0.871	-0.475	19.580	3.874	2.310	869.997	-0.929
0.873	-0.469	19.592	3.866	2.318	871.216	-0.929
0.874	-0.475	19.592	3.858	2.310	871.216	-0.923
0.876	-0.463	19.610	3.825	2.310	874.871	-0.924
0.877	-0.463	19.592	3.825	2.310	865.123	-0.929
0.879	-0.463	19.598	3.809	2.302	877.308	-0.925
0.880	-0.463	19.598	3.801	2.310	880.964	-0.928
0.882	-0.451	19.604	3.784	2.310	887.056	-0.924
0.883	-0.463	19.604	3.760	2.310	889.493	-0.924
0.885	-0.463	19.616	3.743	2.302	890.712	-0.925
0.887	-0.444	19.610	3.743	2.310	889.493	-0.928
0.888	-0.457	19.629	3.719	2.302	887.056	-0.925
0.890	-0.457	19.604	3.702	2.310	883.401	-0.925
0.891	-0.451	19.629	3.694	2.310	888.275	-0.925
0.893	-0.451	19.616	3.678	2.310	895.585	-0.918
0.894	-0.438	19.629	3.661	2.310	883.401	-0.923
0.896	-0.438	19.629	3.661	2.318	876.090	-0.928
0.897	-0.432	19.635	3.645	2.318	873.653	-0.928
0.899	-0.444	19.623	3.620	2.310	876.090	-0.929
0.901	-0.438	19.641	3.620	2.318	878.527	-0.924
0.902	-0.444	19.623	3.604	2.318	874.871	-0.928
0.904	-0.432	19.641	3.596	2.310	873.653	-0.925
0.905	-0.420	19.623	3.571	2.310	872.434	-0.925
0.907	-0.432	19.647	3.555	2.318	873.653	-0.925
0.908	-0.426	19.623	3.538	2.318	871.216	-0.924
0.910	-0.432	19.659	3.538	2.302	862.686	-0.927
0.911	-0.426	19.647	3.514	2.310	859.031	-0.929
0.913	-0.432	19.665	3.514	2.302	873.653	-0.920
0.914	-0.420	19.659	3.481	2.310	878.527	-0.920
0.916	-0.420	19.677	3.465	2.310	877.308	-0.928
0.918	-0.426	19.659	3.473	2.318	884.619	-0.928
0.919	-0.420	19.677	3.457	2.310	883.401	-0.928
0.921	-0.420	19.665	3.440	2.318	887.056	-0.922
0.922	-0.420	19.683	3.432	2.302	884.619	-0.922
0.924	-0.408	19.665	3.399	2.318	884.619	-0.925
0.925	-0.402	19.677	3.399	2.318	878.527	-0.929
0.927	-0.408	19.677	3.383	2.310	882.182	-0.922
0.928	-0.408	19.690	3.366	2.310	880.964	-0.925
0.930	-0.402	19.683	3.358	2.318	874.871	-0.927
0.932	-0.408	19.696	3.326	2.318	873.653	-0.929
0.933	-0.402	19.683	3.334	2.310	880.964	-0.923
0.935	-0.396	19.690	3.309	2.302	876.090	-0.922
0.936	-0.390	19.683	3.309	2.310	868.779	-0.927
0.938	-0.396	19.702	3.293	2.302	866.342	-0.928
0.939	-0.390	19.696	3.268	2.310	868.779	-0.924
0.941	-0.396	19.702	3.260	2.310	869.997	-0.927
0.942	-0.390	19.702	3.235	2.318	873.653	-0.922
0.944	-0.390	19.714	3.227	2.310	868.779	-0.924
0.945	-0.384	19.708	3.219	2.310	879.745	-0.923
0.947	-0.384	19.726	3.211	2.310	888.275	-0.922
0.949	-0.390	19.726	3.194	2.310	891.930	-0.924
0.950	-0.384	19.720	3.178	2.302	883.401	-0.929
0.952	-0.371	19.720	3.170	2.302	888.275	-0.925
0.953	-0.377	19.732	3.162	2.310	898.022	-0.919
0.955	-0.371	19.726	3.145	2.318	889.493	-0.919
0.956	-0.371	19.720	3.129	2.318	882.182	-0.925
0.958	-0.371	19.738	3.121	2.302	876.090	-0.927
0.959	-0.371	19.732	3.113	2.310	889.493	-0.919
0.961	-0.371	19.732	3.088	2.310	882.182	-0.922
0.963	-0.365	19.732	3.080	2.310	878.527	-0.925
0.964	-0.359	19.738	3.072	2.310	873.653	-0.927
0.966	-0.359	19.732	3.055	2.310	873.653	-0.927
0.967	-0.353	19.750	3.039	2.318	877.308	-0.922
0.969	-0.359	19.738	3.014	2.310	878.527	-0.920
0.970	-0.353	19.757	3.014	2.310	868.779	-0.930
0.972	-0.359	19.738	3.006	2.310	869.997	-0.925
0.973	-0.347	19.757	2.998	2.310	876.090	-0.919
0.975	-0.359	19.744	2.965	2.310	869.997	-0.922
0.976	-0.353	19.763	2.965	2.310	862.686	-0.924
0.978	-0.347	19.757	2.941	2.318	862.686	-0.928
0.980	-0.347	19.781	2.941	2.310	868.779	-0.927
0.981	-0.347	19.750	2.924	2.310	877.308	-0.923
0.983	-0.341	19.787	2.916	2.302	880.964	-0.923
0.984	-0.341	19.769	2.900	2.310	889.493	-0.922
0.986	-0.341	19.781	2.883	2.310	888.275	-0.925
0.987	-0.335	19.763	2.867	2.310	889.493	-0.922
0.989	-0.335	19.787	2.859	2.310	885.838	-0.922
0.990	-0.335	19.781	2.850	2.302	877.308	-0.928
0.992	-0.335	19.799	2.842	2.310	891.930	-0.916
0.994	-0.335	19.769	2.834	2.310	888.275	-0.918
0.995	-0.323	19.799	2.801	2.310	874.871	-0.925
0.997	-0.335	19.781	2.793	2.318	876.090	-0.925
0.998	-0.329	19.805	2.785	2.310	876.090	-0.923
1.000	15.653	19.793	2.809	2.318	855.376	-0.966
1.001	45.467	19.787	2.809	2.318	861.468	-0.930
1.003	48.944	19.775	2.850	2.310	868.779	-0.928
1.004	49.333	19.799	2.867	2.310	871.216	-0.922
1.006	49.358	19.781	2.908	2.310	868.779	-0.922
1.007	49.358	19.811	2.941	2.310	877.308	-0.923
1.009	49.346	19.793	2.957	2.302	872.434	-0.922
1.011	49.352	19.805	2.990	2.318	867.560	-0.929
1.012	49.340	19.805	3.014	2.302	880.964	-0.924
1.014	49.327	19.823	3.031	2.318	893.149	-0.918
1.015	49.333	19.805	3.063	2.318	889.493	-0.923
1.017	49.321	19.817	3.088	2.318	885.838	-0.923
1.018	49.309	19.817	3.104	2.318	889.493	-0.920
1.020	49.309	19.823	3.137	2.310	887.056	-0.924
1.021	49.303	19.817	3.154	2.310	885.838	-0.923
1.023	49.291	19.830	3.170	2.310	884.619	-0.927
1.025	49.285	19.830	3.203	2.310	878.527	-0.928
1.026	49.279	19.836	3.219	2.302	880.964	-0.923
1.028	49.279	19.823	3.235	2.310	884.619	-0.918
1.029	49.266	19.823	3.260	2.310	877.308	-0.923
1.031	49.273	19.836	3.276	2.310	874.871	-0.925
1.032	49.273	19.836	3.301	2.310	879.745	-0.922
1.034	49.260	19.848	3.317	2.310	877.308	-0.919
1.035	49.260	19.836	3.350	2.318	871.216	-0.923
1.037	49.254	19.848	3.350	2.310	869.997	-0.925
1.038	49.260	19.836	3.383	2.318	868.779	-0.928
1.040	49.248	19.842	3.407	2.318	869.997	-0.923
1.042	49.254	19.836	3.407	2.310	861.468	-0.927
1.043	49.236	19.848	3.440	2.302	861.468	-0.927
1.045	49.236	19.836	3.457	2.310	867.560	-0.924
1.046	49.236	19.848	3.473	2.310	873.653	-0.924
1.048	49.224	19.842	3.481	2.302	885.838	-0.920
1.049	49.218	19.848	3.514	2.318	888.275	-0.922
1.051	49.224	19.848	3.530	2.302	884.619	-0.928
1.052	49.224	19.860	3.538	2.310	891.930	-0.923
1.054	49.218	19.848	3.555	2.302	889.493	-0.923
1.056	49.212	19.866	3.579	2.310	882.182	-0.925
1.057	49.212	19.848	3.596	2.302	877.308	-0.929
1.059	49.199	19.866	3.612	2.310	874.871	-0.927
1.060	49.199	19.842	3.637	2.310	878.527	-0.925
1.062	49.199	19.872	3.645	2.310	878.527	-0.924
1.063	49.193	19.842	3.653	2.302	871.216	-0.925
1.065	49.181	19.878	3.678	2.310	876.090	-0.924
1.066	49.181	19.854	3.702	2.310	877.308	-0.920
1.068	49.187	19.872	3.719	2.326	876.090	-0.919
1.069	49.175	19.854	3.727	2.310	872.434	-0.924
1.071	49.175	19.884	3.743	2.302	867.560	-0.929
1.073	49.181	19.860	3.776	2.310	866.342	-0.924
1.074	49.175	19.884	3.776	2.310	869.997	-0.923
1.076	49.175	19.872	3.792	2.310	868.779	-0.928
1.077	49.175	19.884	3.809	2.310	877.308	-0.927
1.079	49.169	19.872	3.833	2.310	884.619	-0.924
1.080	49.157	19.890	3.842	2.293	893.149	-0.923
1.082	49.157	19.878	3.874	2.310	893.149	-0.923
1.083	49.157	19.890	3.874	2.318	893.149	-0.922
1.085	49.151	19.884	3.882	2.302	885.838	-0.928
1.087	49.139	19.890	3.899	2.302	887.056	-0.925
1.088	49.139	19.884	3.932	2.302	890.712	-0.917
1.090	49.139	19.897	3.932	2.302	876.090	-0.930
1.091	49.133	19.890	3.948	2.310	877.308	-0.934
1.093	49.126	19.903	3.964	2.310	883.401	-0.924
1.094	49.120	19.890	3.981	2.310	878.527	-0.925
1.096	49.114	19.890	4.005	2.318	878.527	-0.925
1.097	49.120	19.878	4.022	2.318	878.527	-0.922
1.099	49.108	19.890	4.030	2.310	877.308	-0.924
1.100	49.102	19.884	4.055	2.310	877.308	-0.925
1.102	49.108	19.897	4.055	2.310	872.434	-0.924
1.104	49.102	19.890	4.079	2.310	868.779	-0.929
1.105	49.096	19.903	4.087	2.302	866.342	-0.929
1.107	49.084	19.897	4.104	2.310	863.905	-0.928
1.108	49.084	19.903	4.120	2.310	865.123	-0.923
1.110	49.078	19.915	4.145	2.310	867.560	-0.928
1.111	49.072	19.921	4.153	2.302	869.997	-0.930
1.113	49.072	19.921	4.161	2.302	882.182	-0.924
1.114	49.059	19.921	4.186	2.310	888.275	-0.923
1.116	49.053	19.927	4.194	2.302	888.275	-0.928
1.118	49.053	19.909	4.210	2.318	889.493	-0.927
1.119	49.047	19.921	4.218	2.310	883.401	-0.928
1.121	49.047	19.903	4.235	2.285	882.182	-0.929
1.122	49.047	19.921	4.267	2.310	879.745	-0.930
1.124	49.041	19.903	4.267	2.302	871.216	-0.934
1.125	49.041	19.927	4.284	2.318	878.527	-0.930
1.127	49.041	19.903	4.300	2.302	879.745	-0.928
1.128	49.029	19.927	4.317	2.302	879.745	-0.920
1.130	49.023	19.909	4.317	2.302	876.090	-0.928
1.131	49.029	19.921	4.341	2.310	876.090	-0.930
1.133	49.035	19.927	4.366	2.310	874.871	-0.925
1.135	49.035	19.939	4.374	2.310	873.653	-0.925
1.136	49.023	19.915	4.366	2.302	866.342	-0.930
1.138	49.017	19.939	4.399	2.302	862.686	-0.933
1.139	49.011	19.915	4.407	2.293	872.434	-0.928
1.141	49.011	19.933	4.423	2.310	868.779	-0.928
1.142	49.005	19.927	4.448	2.310	877.308	-0.928
1.144	49.005	19.939	4.456	2.310	884.619	-0.925
1.145	49.005	19.921	4.472	2.302	887.056	-0.930
1.147	48.999	19.957	4.497	2.302	893.149	-0.928
1.149	48.999	19.927	4.497	2.310	895.585	-0.923
1.150	48.992	19.951	4.513	2.302	884.619	-0.931
1.152	48.999	19.921	4.521	2.310	885.838	-0.933
1.153	48.980	19.951	4.538	2.310	888.275	-0.927
1.155	48.986	19.927	4.562	2.310	880.964	-0.929
1.156	48.980	19.951	4.562	2.318	874.871	-0.933
1.158	48.974	19.933	4.579	2.302	879.745	-0.929
1.159	48.980	19.957	4.595	2.318	880.964	-0.930
1.161	48.974	19.933	4.611	2.302	884.619	-0.923
1.162	48.968	19.951	4.628	2.302	876.090	-0.927
1.164	48.968	19.939	4.636	2.302	874.871	-0.929
1.166	48.974	19.951	4.661	2.302	874.871	-0.928
1.167	48.968	19.939	4.669	2.310	873.653	-0.928
1.169	48.956	19.957	4.669	2.302	865.123	-0.931
1.170	48.950	19.945	4.693	2.302	867.560	-0.931
1.172	48.950	19.964	4.718	2.310	871.216	-0.927
1.173	48.944	19.951	4.718	2.302	868.779	-0.924
1.175	48.938	19.951	4.734	2.302	866.342	-0.927
1.176	48.944	19.957	4.751	2.302	867.560	-0.929
1.178	48.926	19.957	4.759	2.302	876.090	-0.929
1.180	48.926	19.964	4.775	2.302	885.838	-0.925
1.181	48.919	19.957	4.800	2.302	887.056	-0.930
1.183	48.926	19.964	4.800	2.293	887.056	-0.930
1.184	48.926	19.957	4.800	2.318	885.838	-0.930
1.186	48.913	19.970	4.833	2.302	880.964	-0.931
1.187	48.907	19.951	4.841	2.302	884.619	-0.927
1.189	48.907	19.951	4.849	2.302	878.527	-0.928
1.190	48.907	19.951	4.874	2.293	872.434	-0.934
1.192	48.889	19.964	4.874	2.302	887.056	-0.925
1.193	48.883	19.951	4.898	2.293	884.619	-0.923
1.195	48.883	19.964	4.923	2.302	874.871	-0.930
1.197	48.883	19.957	4.931	2.302	869.997	-0.930
1.198	48.871	19.970	4.931	2.302	869.997	-0.930
1.200	48.871	19.957	4.947	2.310	871.216	-0.931
1.201	48.871	19.976	4.972	2.302	866.342	-0.930
1.203	48.859	19.957	4.980	2.302	867.560	-0.927
1.204	48.846	19.970	4.988	2.293	876.090	-0.931
1.206	48.852	19.964	4.996	2.293	872.434	-0.928
1.207	48.846	19.976	5.021	2.293	878.527	-0.925
1.209	48.846	19.951	5.029	2.293	880.964	-0.925
1.211	48.840	19.982	5.046	2.302	884.619	-0.930
1.212	48.840	19.964	5.062	2.302	891.930	-0.930
1.214	48.840	19.988	5.078	2.310	893.149	-0.925
1.215	48.840	19.957	5.087	2.293	888.275	-0.930
1.217	48.840	19.982	5.095	2.293	880.964	-0.933
1.218	48.828	19.964	5.111	2.285	885.838	-0.928
1.220	48.828	19.988	5.128	2.302	885.838	-0.927
1.221	48.828	19.970	5.136	2.302	883.401	-0.931
1.223	48.822	19.994	5.144	2.310	883.401	-0.923
1.224	48.822	19.964	5.168	2.302	878.527	-0.929
1.226	48.816	19.994	5.177	2.302	879.745	-0.929
1.228	48.810	19.976	5.201	2.302	878.527	-0.928
1.229	48.810	19.994	5.193	2.293	873.653	-0.930
1.231	48.804	19.957	5.226	2.302	871.216	-0.933
1.232	48.798	20.000	5.234	2.302	873.653	-0.930
1.234	48.792	19.964	5.250	2.302	872.434	-0.927
1.235	48.792	19.994	5.250	2.302	873.653	-0.929
1.237	48.785	19.976	5.267	2.302	863.905	-0.933
1.238	48.773	19.994	5.275	2.302	862.686	-0.931
1.240	48.785	19.970	5.308	2.302	871.216	-0.924
1.242	48.779	19.988	5.308	2.293	873.653	-0.924
1.243	48.773	19.970	5.308	2.302	872.434	-0.930
1.245	48.785	19.994	5.332	2.293	880.964	-0.930
1.246	48.779	19.982	5.349	2.302	885.838	-0.933
1.248	48.779	19.988	5.373	2.293	885.838	-0.930
1.249	46.253	20.006	5.357	2.302	877.308	-0.941
1.251	4.932	19.982	5.332	2.302	861.468	-0.931
1.252	0.030	19.982	5.300	2.302	882.182	-0.931
1.254	-0.560	20.012	5.275	2.293	883.401	-0.930
1.255	-0.639	20.000	5.242	2.293	877.308	-0.929
1.257	-0.651	20.000	5.209	2.310	873.653	-0.931
1.259	-0.658	19.994	5.193	2.302	879.745	-0.930
1.260	-0.664	19.988	5.160	2.302	873.653	-0.931
1.262	-0.651	19.994	5.144	2.302	874.871	-0.929
1.263	-0.651	20.006	5.111	2.285	871.216	-0.933
1.265	-0.639	20.006	5.095	2.293	869.997	-0.931
1.266	-0.645	20.000	5.054	2.285	874.871	-0.928
1.268	-0.645	20.006	5.054	2.302	873.653	-0.925
1.269	-0.633	19.994	5.029	2.293	861.468	-0.935
1.271	-0.627	20.000	5.005	2.302	866.342	-0.936
1.273	-0.633	20.006	4.980	2.302	878.527	-0.924
1.274	-0.627	20.000	4.956	2.302	880.964	-0.927
1.276	-0.621	20.000	4.939	2.293	887.056	-0.929
1.277	-0.627	20.006	4.915	2.310	888.275	-0.930
1.279	-0.615	19.988	4.898	2.302	885.838	-0.931
1.280	-0.615	20.006	4.865	2.285	889.493	-0.929
1.282	-0.609	19.994	4.865	2.302	888.275	-0.927
1.283	-0.615	20.006	4.824	2.302	884.619	-0.931
1.285	-0.615	20.000	4.824	2.293	885.838	-0.928
1.286	-0.603	20.012	4.808	2.302	882.182	-0.927
1.288	-0.609	19.994	4.775	2.302	883.401	-0.927
1.290	-0.597	20.018	4.767	2.302	877.308	-0.930
1.291	-0.597	19.988	4.751	2.293	876.090	-0.931
1.293	-0.591	20.012	4.734	2.293	883.401	-0.925
1.294	-0.597	19.988	4.702	2.293	878.527	-0.924
1.296	-0.591	20.006	4.693	2.293	869.997	-0.933
1.297	-0.591	19.994	4.661	2.302	873.653	-0.930
1.299	-0.584	20.018	4.652	2.293	873.653	-0.929
1.300	-0.578	19.994	4.628	2.293	872.434	-0.928
1.302	-0.584	20.012	4.628	2.293	869.997	-0.928
1.304	-0.578	19.994	4.611	2.293	871.216	-0.925
1.305	-0.572	20.012	4.571	2.293	865.123	-0.928
1.307	-0.566	19.988	4.554	2.285	872.434	-0.924
1.308	-0.566	19.994	4.554	2.302	872.434	-0.927
1.310	-0.566	19.994	4.530	2.293	868.779	-0.937
1.311	-0.560	20.006	4.513	2.277	884.619	-0.931
1.313	-0.560	20.000	4.505	2.302	896.804	-0.920
1.314	-0.560	20.024	4.472	2.302	885.838	-0.928
1.316	-0.560	19.994	4.464	2.293	882.182	-0.931
1.317	-0.554	20.006	4.439	2.293	880.964	-0.930
1.319	-0.548	19.994	4.431	2.293	884.619	-0.927
1.321	-0.548	20.012	4.407	2.293	883.401	-0.930
1.322	-0.548	20.000	4.399	2.285	880.964	-0.928
1.324	-0.548	20.012	4.382	2.293	874.871	-0.928
1.325	-0.536	20.012	4.358	2.302	877.308	-0.929
1.327	-0.542	20.012	4.349	2.293	880.964	-0.923
1.328	-0.542	20.012	4.333	2.293	874.871	-0.925
1.330	-0.536	20.018	4.325	2.293	868.779	-0.931
1.331	-0.530	20.018	4.300	2.302	866.342	-0.931
1.333	-0.524	20.006	4.284	2.302	876.090	-0.923
1.335	-0.524	20.006	4.267	2.302	869.997	-0.925
1.336	-0.524	20.006	4.251	2.293	873.653	-0.928
1.338	-0.524	20.006	4.235	2.293	867.560	-0.931
1.339	-0.518	20.006	4.210	2.302	877.308	-0.925
1.341	-0.524	20.012	4.210	2.302	883.401	-0.925
1.342	-0.511	20.006	4.194	2.293	888.275	-0.925
1.344	-0.518	20.006	4.177	2.293	893.149	-0.925
1.345	-0.499	20.000	4.161	2.302	887.056	-0.927
1.347	-0.518	20.000	4.145	2.293	890.712	-0.927
1.348	-0.511	19.994	4.128	2.293	888.275	-0.923
1.350	-0.505	20.012	4.120	2.293	878.527	-0.934
1.352	-0.493	19.994	4.104	2.302	883.401	-0.929
1.353	-0.505	20.012	4.079	2.293	890.712	-0.919
1.355	-0.499	20.000	4.063	2.293	882.182	-0.925
1.356	-0.505	20.006	4.055	2.302	883.401	-0.924
1.358	-0.493	20.000	4.038	2.285	878.527	-0.925
1.359	-0.493	20.012	4.022	2.285	876.090	-0.928
1.361	-0.487	20.000	4.014	2.293	877.308	-0.924
1.362	-0.493	20.018	3.989	2.285	876.090	-0.924
1.364	-0.493	19.994	3.981	2.285	868.779	-0.928
1.366	-0.493	20.012	3.964	2.277	872.434	-0.925
1.367	-0.487	19.994	3.948	2.302	876.090	-0.919
1.369	-0.481	20.012	3.932	2.285	866.342	-0.927
1.370	-0.481	20.000	3.915	2.293	852.939	-0.935
1.372	-0.487	20.006	3.899	2.293	866.342	-0.925
1.373	-0.469	19.976	3.891	2.293	876.090	-0.923
1.375	-0.481	20.012	3.874	2.285	880.964	-0.920
1.376	-0.481	19.982	3.850	2.293	882.182	-0.925
1.378	-0.469	20.006	3.850	2.285	884.619	-0.929
1.379	-0.475	19.988	3.833	2.302	885.838	-0.928
1.381	-0.463	20.006	3.817	2.285	885.838	-0.924
1.383	-0.457	19.994	3.801	2.293	883.401	-0.927
1.384	-0.457	20.018	3.792	2.293	880.964	-0.927
1.386	-0.457	19.988	3.760	2.285	883.401	-0.934
1.387	-0.457	20.018	3.760	2.310	880.964	-0.924
1.389	-0.451	19.994	3.751	2.285	882.182	-0.923
1.390	-0.444	20.012	3.727	2.277	872.434	-0.929
1.392	-0.444	19.988	3.719	2.285	877.308	-0.927
1.393	-0.451	20.006	3.702	2.293	880.964	-0.920
1.395	-0.444	19.994	3.686	2.285	871.216	-0.928
1.397	-0.451	20.000	3.678	2.293	872.434	-0.925
1.398	-0.432	20.000	3.653	2.293	869.997	-0.927
1.400	-0.457	19.994	3.645	2.293	866.342	-0.925
1.401	-0.444	19.982	3.645	2.302	871.216	-0.923
1.403	-0.438	20.006	3.620	2.285	866.342	-0.925
1.404	-0.444	19.994	3.596	2.293	874.871	-0.927
1.406	-0.438	20.000	3.588	2.293	882.182	-0.927
1.407	-0.438	20.000	3.588	2.293	891.930	-0.917
1.409	-0.438	19.994	3.563	2.293	887.056	-0.927
1.410	-0.420	20.012	3.555	2.293	885.838	-0.931
1.412	-0.432	20.006	3.538	2.285	893.149	-0.924
1.414	-0.432	20.006	3.522	2.293	890.712	-0.918
1.415	-0.420	20.012	3.498	2.277	883.401	-0.925
1.417	-0.420	20.000	3.489	2.285	885.838	-0.924
1.418	-0.420	20.006	3.473	2.285	882.182	-0.924
1.420	-0.414	20.012	3.465	2.293	880.964	-0.924
1.421	-0.420	20.006	3.457	2.285	882.182	-0.923
1.423	-0.420	20.018	3.432	2.285	877.308	-0.925
1.424	-0.414	20.018	3.432	2.285	874.871	-0.927
1.426	-0.402	20.012	3.416	2.293	877.308	-0.923
1.428	-0.414	20.006	3.399	2.277	876.090	-0.919
1.429	-0.408	20.000	3.383	2.277	874.871	-0.922
1.431	-0.402	20.012	3.375	2.277	866.342	-0.930
1.432	-0.402	20.006	3.350	2.277	871.216	-0.924
1.434	-0.402	19.994	3.342	2.285	872.434	-0.922
1.435	-0.396	20.006	3.334	2.293	869.997	-0.919
1.437	-0.408	19.988	3.317	2.285	863.905	-0.923
1.438	-0.396	20.006	3.301	2.285	866.342	-0.925
1.440	-0.396	19.982	3.293	2.293	874.871	-0.924
1.441	-0.396	20.006	3.276	2.285	879.745	-0.924
1.443	-0.396	19.970	3.268	2.293	888.275	-0.922
