Time (ms)	Ch1 V	Ch2 V	Ch1 A	Ch2 A	RPM	Torque
0.000	24.304	19.671	3.719	2.261	865.123	-0.951
0.001	46.094	19.659	3.710	2.253	860.249	-0.946
0.003	48.822	19.629	3.727	2.261	868.779	-0.944
0.004	49.145	19.647	3.760	2.253	872.434	-0.940
0.006	49.193	19.616	3.801	2.269	866.342	-0.941
0.007	49.193	19.635	3.801	2.253	863.905	-0.948
0.009	49.187	19.610	3.833	2.261	873.653	-0.935
0.010	49.187	19.623	3.858	2.261	862.686	-0.939
0.012	49.181	19.598	3.874	2.261	852.939	-0.944
0.013	49.175	19.616	3.907	2.261	863.905	-0.939
0.015	49.175	19.598	3.932	2.277	867.560	-0.937
0.016	49.169	19.610	3.948	2.261	872.434	-0.941
0.018	49.163	19.592	3.964	2.253	877.308	-0.944
0.019	49.163	19.610	3.973	2.261	887.056	-0.935
0.021	49.157	19.592	4.005	2.253	884.619	-0.942
0.022	49.139	19.592	4.022	2.261	890.712	-0.937
0.024	49.151	19.574	4.030	2.277	880.964	-0.940
0.025	49.139	19.598	4.055	2.269	879.745	-0.941
0.027	49.126	19.574	4.079	2.269	878.527	-0.941
0.028	49.126	19.580	4.087	2.277	876.090	-0.939
0.030	49.120	19.580	4.104	2.269	878.527	-0.941
0.031	49.114	19.586	4.128	2.269	878.527	-0.937
0.033	49.114	19.568	4.161	2.269	874.871	-0.937
0.034	49.108	19.586	4.169	2.261	871.216	-0.942
0.036	49.102	19.568	4.177	2.277	878.527	-0.937
0.037	49.102	19.574	4.202	2.269	876.090	-0.935
0.039	49.102	19.550	4.202	2.261	866.342	-0.940
0.040	49.096	19.568	4.227	2.269	867.560	-0.941
0.042	49.078	19.543	4.243	2.269	867.560	-0.940
0.043	49.078	19.562	4.267	2.261	868.779	-0.942
0.045	49.078	19.543	4.276	2.269	866.342	-0.941
0.046	49.072	19.556	4.300	2.269	878.527	-0.934
0.048	49.059	19.537	4.300	2.269	877.308	-0.941
0.049	13.546	19.537	4.292	2.261	894.367	-0.920
0.051	1.321	19.525	4.276	2.261	882.182	-0.941
0.052	-0.231	19.550	4.235	2.253	885.838	-0.941
0.054	-0.438	19.537	4.218	2.261	884.619	-0.941
0.055	-0.481	19.550	4.169	2.261	884.619	-0.939
0.057	-0.481	19.537	4.161	2.269	880.964	-0.941
0.058	-0.475	19.543	4.136	2.269	883.401	-0.939
0.060	-0.481	19.531	4.120	2.277	882.182	-0.939
0.061	-0.481	19.537	4.095	2.269	884.619	-0.936
0.063	-0.481	19.525	4.087	2.261	873.653	-0.946
0.064	-0.475	19.531	4.055	2.277	880.964	-0.937
0.066	-0.469	19.519	4.038	2.261	873.653	-0.939
0.067	-0.469	19.513	4.022	2.261	872.434	-0.941
0.069	-0.469	19.501	3.997	2.261	871.216	-0.940
0.070	-0.463	19.501	3.989	2.269	868.779	-0.940
0.072	-0.463	19.501	3.973	2.253	865.123	-0.942
0.073	-0.457	19.501	3.948	2.277	866.342	-0.944
0.075	-0.463	19.483	3.923	2.269	867.560	-0.940
0.076	-0.451	19.507	3.907	2.277	859.031	-0.946
0.078	-0.451	19.483	3.882	2.269	861.468	-0.940
0.079	-0.451	19.483	3.882	2.261	866.342	-0.936
0.081	-0.451	19.470	3.858	2.261	863.905	-0.942
0.082	-0.444	19.476	3.850	2.253	869.997	-0.942
0.084	-0.444	19.476	3.825	2.261	880.964	-0.939
0.085	-0.451	19.476	3.801	2.269	882.182	-0.939
0.087	-0.444	19.464	3.792	2.269	879.745	-0.945
0.088	-0.438	19.464	3.768	2.261	884.619	-0.940
0.090	-0.438	19.446	3.768	2.269	878.527	-0.945
0.091	-0.420	19.446	3.760	2.277	879.745	-0.941
0.093	-0.432	19.422	3.727	2.269	884.619	-0.936
0.094	-0.432	19.434	3.719	2.261	874.871	-0.940
0.096	-0.426	19.416	3.694	2.269	876.090	-0.942
0.097	-0.426	19.428	3.678	2.277	874.871	-0.939
0.099	-0.420	19.416	3.670	2.261	872.434	-0.944
0.100	34.454	19.422	3.694	2.261	884.619	-0.955
0.102	47.397	19.397	3.719	2.277	878.527	-0.937
0.103	48.992	19.397	3.743	2.269	869.997	-0.936
0.105	49.169	19.385	3.768	2.277	862.686	-0.947
0.106	49.187	19.391	3.784	2.269	874.871	-0.936
0.108	49.187	19.379	3.817	2.285	863.905	-0.939
0.109	49.187	19.379	3.850	2.269	867.560	-0.941
0.111	49.181	19.373	3.850	2.277	868.779	-0.940
0.112	49.175	19.373	3.891	2.269	874.871	-0.937
0.114	49.175	19.361	3.907	2.285	877.308	-0.940
0.115	49.169	19.373	3.923	2.277	880.964	-0.944
0.117	49.163	19.349	3.948	2.277	893.149	-0.936
0.118	49.169	19.355	3.964	2.277	884.619	-0.945
0.120	49.139	19.336	3.997	2.277	890.712	-0.939
0.121	49.139	19.343	4.014	2.269	883.401	-0.940
0.123	49.139	19.336	4.022	2.269	884.619	-0.940
0.124	49.126	19.336	4.038	2.269	882.182	-0.941
0.126	49.126	19.318	4.063	2.293	885.838	-0.936
0.127	49.120	19.306	4.079	2.269	877.308	-0.940
0.129	49.120	19.282	4.095	2.277	880.964	-0.939
0.130	49.120	19.276	4.120	2.277	879.745	-0.935
0.132	49.102	19.233	4.136	2.277	872.434	-0.945
0.133	49.102	19.251	4.136	2.277	878.527	-0.941
0.135	49.090	19.263	4.169	2.285	876.090	-0.936
0.136	49.096	19.257	4.186	2.277	866.342	-0.940
0.138	49.084	19.318	4.210	2.277	868.779	-0.944
0.139	49.084	19.330	4.218	2.277	872.434	-0.940
0.141	49.084	19.409	4.227	2.277	867.560	-0.942
0.142	49.084	19.458	4.243	2.269	862.686	-0.942
0.144	49.084	19.507	4.267	2.277	863.905	-0.937
0.145	49.078	19.568	4.284	2.285	862.686	-0.941
0.147	49.078	19.629	4.300	2.277	873.653	-0.944
0.148	49.072	19.690	4.308	2.269	876.090	-0.939
0.150	7.805	19.738	4.267	2.269	859.031	-0.941
0.151	0.591	19.787	4.259	2.277	883.401	-0.944
0.153	-0.341	19.842	4.227	2.293	882.182	-0.941
0.154	-0.451	19.884	4.210	2.285	880.964	-0.942
0.156	-0.481	19.903	4.186	2.285	883.401	-0.941
0.157	-0.487	19.921	4.145	2.277	882.182	-0.939
0.159	-0.487	19.933	4.136	2.277	893.149	-0.931
0.160	-0.481	19.964	4.112	2.277	873.653	-0.947
0.162	-0.475	19.976	4.095	2.277	887.056	-0.939
0.163	-0.475	19.982	4.063	2.277	873.653	-0.944
0.165	-0.481	20.000	4.046	2.277	868.779	-0.946
0.166	-0.475	20.006	4.030	2.269	871.216	-0.942
0.168	-0.469	20.024	4.014	2.285	874.871	-0.941
0.169	-0.469	20.024	4.005	2.285	863.905	-0.945
0.171	-0.469	20.024	3.981	2.269	866.342	-0.945
0.172	-0.463	20.024	3.956	2.277	868.779	-0.940
0.174	-0.457	20.030	3.940	2.269	860.249	-0.945
0.175	-0.463	20.018	3.923	2.277	866.342	-0.941
0.177	-0.457	20.030	3.907	2.277	873.653	-0.937
0.178	-0.457	20.018	3.882	2.277	871.216	-0.944
0.180	-0.451	20.030	3.882	2.269	880.964	-0.942
0.181	-0.444	20.024	3.866	2.269	882.182	-0.944
0.183	-0.444	20.030	3.842	2.269	888.275	-0.942
0.184	-0.444	20.012	3.825	2.269	885.838	-0.942
0.186	-0.444	19.994	3.801	2.269	885.838	-0.939
0.187	-0.438	19.988	3.801	2.277	878.527	-0.944
0.189	-0.438	19.994	3.776	2.269	885.838	-0.939
0.190	-0.426	19.982	3.751	2.269	885.838	-0.936
0.192	-0.432	19.982	3.735	2.277	882.182	-0.939
0.193	-0.426	19.964	3.719	2.269	876.090	-0.944
0.195	-0.438	19.964	3.710	2.269	878.527	-0.939
0.196	-0.432	19.951	3.702	2.285	873.653	-0.940
0.198	-0.432	19.951	3.678	2.277	872.434	-0.942
0.199	-0.603	19.933	3.670	2.277	871.216	-0.942
0.201	41.248	19.939	3.694	2.285	863.905	-0.931
0.202	48.231	19.915	3.727	2.269	863.905	-0.945
0.204	49.084	19.909	3.751	2.269	876.090	-0.935
0.205	49.175	19.890	3.784	2.269	868.779	-0.937
0.207	49.181	19.897	3.801	2.269	863.905	-0.940
0.208	49.187	19.878	3.825	2.269	862.686	-0.942
0.210	49.181	19.854	3.858	2.277	862.686	-0.941
0.211	49.175	19.848	3.866	2.269	860.249	-0.940
0.213	49.151	19.842	3.882	2.269	866.342	-0.944
0.214	49.157	19.830	3.907	2.261	876.090	-0.940
0.216	49.157	19.811	3.940	2.269	878.527	-0.945
0.217	49.157	19.811	3.956	2.269	889.493	-0.939
0.219	49.139	19.799	3.973	2.277	883.401	-0.940
0.220	49.145	19.793	3.997	2.261	879.745	-0.946
0.222	49.145	19.763	4.014	2.261	883.401	-0.941
0.223	49.126	19.757	4.038	2.261	879.745	-0.941
0.225	49.126	19.750	4.055	2.269	878.527	-0.947
0.226	49.120	19.738	4.063	2.261	876.090	-0.945
0.228	49.120	19.732	4.079	2.277	879.745	-0.935
0.229	49.126	19.726	4.095	2.269	869.997	-0.946
0.231	49.108	19.708	4.120	2.261	874.871	-0.945
0.232	49.108	19.702	4.145	2.261	874.871	-0.939
0.234	49.108	19.690	4.145	2.261	869.997	-0.941
0.235	49.096	19.677	4.169	2.261	862.686	-0.942
0.237	49.102	19.665	4.177	2.261	867.560	-0.944
0.238	49.096	19.659	4.210	2.269	866.342	-0.941
0.240	49.096	19.653	4.210	2.277	865.123	-0.941
0.241	49.090	19.641	4.235	2.261	868.779	-0.940
0.243	49.078	19.629	4.251	2.261	868.779	-0.942
0.244	49.078	19.629	4.267	2.261	872.434	-0.946
0.246	49.084	19.635	4.300	2.261	889.493	-0.935
0.247	49.072	19.623	4.308	2.277	882.182	-0.944
0.249	35.677	19.592	4.276	2.261	887.056	-0.953
0.250	4.018	19.592	4.267	2.269	866.342	-0.946
0.252	0.116	19.592	4.243	2.269	876.090	-0.945
0.253	-0.408	19.586	4.235	2.261	885.838	-0.942
0.255	-0.469	19.568	4.202	2.261	888.275	-0.936
0.256	-0.487	19.556	4.169	2.269	883.401	-0.937
0.258	-0.487	19.543	4.161	2.261	874.871	-0.945
0.259	-0.487	19.543	4.120	2.261	885.838	-0.939
0.261	-0.475	19.531	4.112	2.269	876.090	-0.937
0.262	-0.475	19.519	4.095	2.261	872.434	-0.941
0.264	-0.481	19.507	4.079	2.277	872.434	-0.939
0.265	-0.481	19.507	4.046	2.253	873.653	-0.942
0.267	-0.475	19.501	4.038	2.269	871.216	-0.941
0.268	-0.475	19.501	4.005	2.269	869.997	-0.942
0.270	-0.469	19.495	3.989	2.269	869.997	-0.939
0.271	-0.457	19.495	3.964	2.269	861.468	-0.947
0.273	-0.457	19.489	3.964	2.261	867.560	-0.937
0.274	-0.463	19.489	3.932	2.277	867.560	-0.939
0.276	-0.457	19.464	3.932	2.269	854.157	-0.945
0.277	-0.463	19.464	3.891	2.277	866.342	-0.941
0.279	-0.451	19.452	3.891	2.269	872.434	-0.939
0.280	-0.451	19.452	3.858	2.277	876.090	-0.941
0.282	-0.451	19.452	3.858	2.277	880.964	-0.942
0.283	-0.444	19.446	3.842	2.253	883.401	-0.941
0.285	-0.438	19.440	3.817	2.277	877.308	-0.947
0.286	-0.438	19.434	3.801	2.269	883.401	-0.945
0.288	-0.444	19.422	3.784	2.269	888.275	-0.937
0.289	-0.444	19.422	3.768	2.269	877.308	-0.942
0.291	-0.438	19.422	3.751	2.277	879.745	-0.936
0.292	-0.432	19.409	3.743	2.277	878.527	-0.941
0.294	-0.432	19.409	3.727	2.269	878.527	-0.940
0.295	-0.432	19.403	3.694	2.285	872.434	-0.942
0.297	-0.426	19.409	3.694	2.269	873.653	-0.944
0.298	-0.420	19.403	3.670	2.269	873.653	-0.940
0.300	14.813	19.397	3.710	2.277	866.342	-0.975
0.301	44.926	19.391	3.710	2.269	867.560	-0.937
0.303	48.682	19.373	3.727	2.277	869.997	-0.937
0.304	49.126	19.373	3.760	2.269	871.216	-0.937
0.306	49.175	19.379	3.784	2.261	861.468	-0.941
0.307	49.169	19.355	3.801	2.261	866.342	-0.941
0.309	49.163	19.355	3.833	2.277	873.653	-0.937
0.310	49.169	19.349	3.850	2.277	877.308	-0.940
0.312	49.151	19.343	3.874	2.277	882.182	-0.937
0.313	49.169	19.343	3.899	2.269	885.838	-0.944
0.315	49.151	19.349	3.923	2.277	895.585	-0.935
0.316	49.157	19.336	3.940	2.277	885.838	-0.939
0.318	49.151	19.355	3.964	2.277	878.527	-0.944
0.319	49.151	19.343	3.981	2.277	885.838	-0.941
0.321	49.133	19.355	4.005	2.277	884.619	-0.940
0.322	49.139	19.336	4.005	2.277	879.745	-0.940
0.324	49.145	19.349	4.038	2.293	874.871	-0.942
0.325	49.133	19.330	4.046	2.277	883.401	-0.937
0.327	49.133	19.349	4.079	2.269	874.871	-0.941
0.328	49.126	19.330	4.104	2.277	879.745	-0.941
0.330	49.120	19.349	4.112	2.277	876.090	-0.939
0.331	49.108	19.318	4.128	2.269	871.216	-0.941
0.333	49.108	19.336	4.145	2.269	868.779	-0.944
0.334	49.108	19.324	4.161	2.285	871.216	-0.941
0.336	49.108	19.324	4.186	2.285	869.997	-0.941
0.337	49.108	19.318	4.194	2.285	869.997	-0.939
0.339	49.108	19.330	4.210	2.277	868.779	-0.939
0.340	49.084	19.312	4.227	2.277	863.905	-0.941
0.342	49.090	19.330	4.235	2.285	862.686	-0.944
0.343	49.090	19.306	4.259	2.277	872.434	-0.936
0.345	49.090	19.324	4.267	2.277	867.560	-0.942
0.346	49.078	19.306	4.292	2.285	877.308	-0.942
0.348	49.072	19.324	4.300	2.293	882.182	-0.941
0.349	18.679	19.306	4.243	2.269	863.905	-1.006
0.351	1.985	19.330	4.251	2.277	872.434	-0.951
0.352	-0.158	19.312	4.243	2.277	891.930	-0.937
0.354	-0.432	19.330	4.218	2.285	884.619	-0.937
0.355	-0.475	19.312	4.194	2.269	876.090	-0.946
0.357	-0.481	19.330	4.169	2.269	891.930	-0.933
0.358	-0.475	19.312	4.136	2.285	877.308	-0.941
0.360	-0.481	19.324	4.112	2.293	872.434	-0.942
0.361	-0.481	19.312	4.104	2.285	873.653	-0.941
0.363	-0.481	19.336	4.079	2.285	871.216	-0.942
0.364	-0.481	19.306	4.063	2.277	869.997	-0.939
0.366	-0.475	19.330	4.046	2.285	869.997	-0.942
0.367	-0.475	19.306	4.030	2.285	867.560	-0.940
0.369	-0.463	19.336	4.005	2.293	860.249	-0.948
0.370	-0.469	19.312	3.981	2.285	876.090	-0.934
0.372	-0.469	19.336	3.964	2.277	863.905	-0.940
0.373	-0.469	19.324	3.948	2.285	862.686	-0.941
0.375	-0.463	19.324	3.940	2.277	874.871	-0.940
0.376	-0.457	19.306	3.907	2.285	880.964	-0.934
0.378	-0.451	19.324	3.907	2.285	879.745	-0.942
0.379	-0.457	19.306	3.874	2.293	888.275	-0.944
0.381	-0.457	19.336	3.866	2.293	889.493	-0.941
0.382	-0.438	19.312	3.833	2.277	879.745	-0.947
0.384	-0.451	19.318	3.833	2.285	884.619	-0.944
0.385	-0.444	19.300	3.825	2.277	884.619	-0.939
0.387	-0.444	19.318	3.792	2.285	878.527	-0.944
0.388	-0.432	19.306	3.776	2.285	880.964	-0.941
0.390	-0.438	19.318	3.776	2.293	876.090	-0.944
0.391	-0.438	19.312	3.751	2.285	879.745	-0.941
0.393	-0.438	19.336	3.727	2.302	874.871	-0.941
0.394	-0.426	19.318	3.719	2.293	874.871	-0.941
0.396	-0.426	19.324	3.702	2.285	867.560	-0.945
0.397	-0.426	19.324	3.686	2.285	873.653	-0.940
0.399	-0.426	19.343	3.686	2.285	874.871	-0.934
0.400	29.035	19.343	3.727	2.293	926.048	-0.905
0.402	46.679	19.343	3.710	2.285	868.779	-0.936
0.403	48.901	19.343	3.735	2.277	867.560	-0.940
0.405	49.151	19.349	3.760	2.285	867.560	-0.939
0.406	49.181	19.330	3.792	2.293	865.123	-0.940
0.408	49.175	19.355	3.817	2.285	863.905	-0.939
0.409	49.181	19.355	3.833	2.293	862.686	-0.939
0.411	49.175	19.355	3.858	2.285	866.342	-0.947
0.412	49.169	19.355	3.882	2.293	880.964	-0.940
0.414	49.163	19.355	3.899	2.285	880.964	-0.941
0.415	49.151	19.355	3.932	2.293	883.401	-0.942
0.417	49.157	19.361	3.948	2.293	880.964	-0.944
0.418	49.151	19.361	3.981	2.293	880.964	-0.941
0.420	49.145	19.355	3.973	2.285	879.745	-0.944
0.421	49.157	19.355	4.005	2.285	878.527	-0.941
0.423	49.139	19.361	4.022	2.302	885.838	-0.939
0.424	49.133	19.361	4.038	2.302	873.653	-0.942
0.426	49.133	19.367	4.071	2.293	882.182	-0.939
0.427	49.126	19.361	4.079	2.285	872.434	-0.940
0.429	49.120	19.367	4.104	2.293	872.434	-0.942
0.430	49.114	19.367	4.104	2.293	874.871	-0.939
0.432	49.114	19.385	4.128	2.285	868.779	-0.942
0.433	49.108	19.385	4.145	2.293	866.342	-0.941
0.435	49.096	19.373	4.161	2.293	867.560	-0.941
0.436	49.096	19.385	4.186	2.293	868.779	-0.935
0.438	49.108	19.379	4.202	2.293	868.779	-0.940
0.439	49.102	19.403	4.210	2.293	866.342	-0.942
0.441	49.102	19.397	4.235	2.293	874.871	-0.936
0.442	49.102	19.403	4.251	2.285	873.653	-0.942
0.444	49.096	19.397	4.267	2.285	880.964	-0.944
0.445	49.084	19.416	4.284	2.293	888.275	-0.940
0.447	49.084	19.409	4.300	2.302	887.056	-0.941
0.448	49.072	19.409	4.317	2.293	879.745	-0.944
0.450	10.015	19.397	4.300	2.285	883.401	-0.934
0.451	0.858	19.416	4.267	2.293	884.619	-0.936
0.453	-0.298	19.409	4.227	2.302	877.308	-0.947
0.454	-0.444	19.434	4.210	2.277	882.182	-0.939
0.456	-0.481	19.409	4.194	2.293	873.653	-0.945
0.457	-0.487	19.434	4.161	2.293	873.653	-0.944
0.459	-0.487	19.416	4.136	2.293	877.308	-0.941
0.460	-0.481	19.434	4.128	2.293	873.653	-0.942
0.462	-0.481	19.409	4.112	2.293	872.434	-0.942
0.463	-0.481	19.434	4.071	2.285	873.653	-0.939
0.465	-0.475	19.422	4.063	2.293	871.216	-0.941
0.466	-0.475	19.452	4.046	2.293	866.342	-0.947
0.468	-0.469	19.434	4.014	2.310	873.653	-0.937
0.469	-0.469	19.458	4.005	2.285	866.342	-0.937
0.471	-0.469	19.428	3.989	2.293	865.123	-0.942
0.472	-0.463	19.452	3.964	2.285	866.342	-0.942
0.474	-0.463	19.434	3.948	2.285	866.342	-0.936
0.475	-0.451	19.464	3.923	2.293	863.905	-0.941
0.477	-0.457	19.446	3.907	2.293	869.997	-0.944
0.478	-0.457	19.464	3.891	2.285	877.308	-0.940
0.480	-0.457	19.446	3.882	2.285	879.745	-0.946
0.481	-0.451	19.464	3.866	2.293	885.838	-0.937
0.483	-0.451	19.446	3.842	2.293	884.619	-0.940
0.484	-0.438	19.470	3.825	2.310	879.745	-0.941
0.486	-0.438	19.452	3.817	2.302	879.745	-0.941
0.487	-0.444	19.464	3.801	2.293	877.308	-0.939
0.489	-0.432	19.464	3.768	2.293	874.871	-0.948
0.490	-0.438	19.464	3.760	2.293	877.308	-0.944
0.492	-0.432	19.452	3.735	2.293	877.308	-0.940
0.493	-0.432	19.476	3.735	2.302	865.123	-0.948
0.495	-0.426	19.458	3.710	2.293	873.653	-0.941
0.496	-0.426	19.476	3.694	2.302	874.871	-0.935
0.498	-0.426	19.458	3.686	2.277	865.123	-0.942
0.499	-0.530	19.483	3.670	2.302	866.342	-0.942
0.501	38.186	19.476	3.694	2.293	861.468	-0.936
0.502	47.854	19.489	3.719	2.293	861.468	-0.942
0.504	49.029	19.489	3.743	2.302	868.779	-0.941
0.505	49.175	19.501	3.768	2.293	866.342	-0.942
0.507	49.181	19.501	3.784	2.302	871.216	-0.942
0.508	49.181	19.507	3.833	2.293	872.434	-0.942
0.510	49.175	19.507	3.850	2.302	887.056	-0.935
0.511	49.169	19.513	3.866	2.302	885.838	-0.942
0.513	49.169	19.501	3.891	2.302	888.275	-0.940
0.514	49.163	19.507	3.915	2.310	887.056	-0.940
0.516	49.163	19.513	3.932	2.293	885.838	-0.940
0.517	49.163	19.525	3.940	2.293	880.964	-0.941
0.519	49.151	19.513	3.973	2.293	884.619	-0.940
0.520	49.139	19.525	3.997	2.285	882.182	-0.934
0.522	49.145	19.531	4.014	2.277	874.871	-0.947
0.523	49.145	19.531	4.038	2.293	885.838	-0.936
0.525	49.139	19.525	4.038	2.302	876.090	-0.937
0.526	49.145	19.519	4.071	2.277	869.997	-0.942
0.528	49.126	19.525	4.079	2.293	877.308	-0.940
0.529	49.133	19.519	4.104	2.293	874.871	-0.939
0.531	49.126	19.519	4.120	2.302	872.434	-0.939
0.532	49.114	19.525	4.136	2.302	866.342	-0.941
0.534	49.108	19.531	4.153	2.293	872.434	-0.937
0.535	49.114	19.531	4.177	2.310	868.779	-0.941
0.537	49.108	19.537	4.186	2.310	873.653	-0.936
0.538	49.102	19.525	4.202	2.293	865.123	-0.940
0.540	49.096	19.562	4.227	2.285	863.905	-0.941
0.541	49.096	19.531	4.243	2.318	866.342	-0.940
0.543	49.090	19.543	4.251	2.302	873.653	-0.940
0.544	49.090	19.525	4.284	2.285	878.527	-0.941
0.546	49.084	19.550	4.292	2.293	885.838	-0.942
0.547	49.078	19.543	4.308	2.293	890.712	-0.934
0.549	47.306	19.586	4.308	2.293	880.964	-0.947
0.550	5.680	19.531	4.276	2.302	869.997	-0.936
0.552	0.329	19.562	4.259	2.302	888.275	-0.937
0.553	-0.377	19.550	4.227	2.293	879.745	-0.940
0.555	-0.463	19.574	4.202	2.293	873.653	-0.948
0.556	-0.475	19.550	4.186	2.302	879.745	-0.940
0.558	-0.487	19.580	4.161	2.285	876.090	-0.941
0.559	-0.487	19.556	4.136	2.302	874.871	-0.941
0.561	-0.481	19.586	4.120	2.302	876.090	-0.936
0.562	-0.487	19.562	4.087	2.293	868.779	-0.941
0.564	-0.487	19.586	4.079	2.293	869.997	-0.945
0.565	-0.475	19.568	4.055	2.293	874.871	-0.935
0.567	-0.481	19.574	4.038	2.293	865.123	-0.942
0.568	-0.469	19.562	4.022	2.285	866.342	-0.942
0.570	-0.469	19.568	4.005	2.293	868.779	-0.939
0.571	-0.469	19.556	3.981	2.293	862.686	-0.941
0.573	-0.463	19.592	3.956	2.293	868.779	-0.944
0.574	-0.463	19.580	3.940	2.302	878.527	-0.939
0.576	-0.457	19.592	3.907	2.310	883.401	-0.940
0.577	-0.457	19.580	3.899	2.293	883.401	-0.945
0.579	-0.451	19.598	3.891	2.293	890.712	-0.936
0.580	-0.457	19.592	3.882	2.302	888.275	-0.940
