Time (ms)	Ch1 V	Ch2 V	Ch1 A	Ch2 A	RPM	Torque
0.000	10.594	11.276	2.646	1.335	536.133	-0.675
0.001	44.603	11.269	2.654	1.343	510.545	-0.669
0.003	48.883	11.276	2.687	1.327	505.671	-0.671
0.004	49.394	11.269	2.719	1.335	502.015	-0.675
0.006	49.443	11.276	2.736	1.335	505.671	-0.675
0.007	49.455	11.269	2.785	1.335	499.578	-0.677
0.009	49.449	11.269	2.818	1.327	503.234	-0.677
0.010	49.443	11.269	2.850	1.343	504.452	-0.671
0.012	49.431	11.263	2.883	1.327	499.578	-0.676
0.013	49.425	11.276	2.900	1.327	499.578	-0.676
0.015	49.431	11.276	2.932	1.343	498.360	-0.676
0.016	49.419	11.276	2.957	1.327	497.141	-0.676
0.018	49.419	11.276	2.990	1.335	502.015	-0.676
0.019	49.407	11.282	3.014	1.343	498.360	-0.673
0.021	49.394	11.276	3.047	1.327	498.360	-0.670
0.022	49.400	11.263	3.063	1.327	495.923	-0.680
0.024	49.382	11.276	3.080	1.335	514.200	-0.669
0.025	49.394	11.269	3.113	1.335	508.108	-0.671
0.027	49.376	11.269	3.129	1.343	515.419	-0.675
0.028	49.382	11.269	3.154	1.343	522.729	-0.674
0.030	20.292	11.263	3.113	1.327	534.914	-0.729
0.031	2.289	11.269	3.137	1.343	509.326	-0.680
0.033	0.000	11.282	3.121	1.335	525.166	-0.670
0.034	-0.311	11.282	3.104	1.343	521.511	-0.669
0.036	-0.347	11.282	3.088	1.335	515.419	-0.676
0.037	-0.359	11.276	3.072	1.335	515.419	-0.676
0.039	-0.347	11.276	3.039	1.343	520.293	-0.669
0.040	-0.359	11.282	3.022	1.327	516.637	-0.674
0.042	-0.353	11.276	3.022	1.343	515.419	-0.677
0.043	-0.347	11.282	2.998	1.327	512.982	-0.674
0.045	-0.353	11.282	2.990	1.327	515.419	-0.671
0.046	-0.353	11.282	2.981	1.335	514.200	-0.671
0.048	-0.347	11.282	2.965	1.343	515.419	-0.671
0.049	-0.347	11.282	2.949	1.327	511.763	-0.670
0.051	-0.341	11.282	2.932	1.335	514.200	-0.681
0.052	-0.341	11.282	2.932	1.327	512.982	-0.668
0.054	-0.341	11.288	2.916	1.327	506.889	-0.674
0.055	-0.335	11.294	2.908	1.327	509.326	-0.675
0.057	-0.335	11.276	2.891	1.327	511.763	-0.674
0.058	-0.329	11.288	2.883	1.327	506.889	-0.671
0.060	-0.329	11.294	2.875	1.335	505.671	-0.675
0.061	-0.329	11.276	2.875	1.327	506.889	-0.675
0.063	-0.341	11.282	2.859	1.327	509.326	-0.668
0.064	-0.329	11.300	2.850	1.335	498.360	-0.680
0.066	-0.323	11.288	2.826	1.319	506.889	-0.674
0.067	-0.335	11.282	2.818	1.335	505.671	-0.668
0.069	-0.341	11.294	2.818	1.327	503.234	-0.674
0.070	-0.323	11.294	2.801	1.335	498.360	-0.674
0.072	-0.317	11.288	2.793	1.335	504.452	-0.674
0.073	-0.317	11.282	2.777	1.335	500.797	-0.674
0.075	-0.329	11.294	2.769	1.335	497.141	-0.674
0.076	-0.329	11.282	2.752	1.335	495.923	-0.671
0.078	-0.317	11.294	2.752	1.335	498.360	-0.673
0.079	-0.317	11.288	2.744	1.327	494.704	-0.675
0.081	-0.323	11.288	2.728	1.335	502.015	-0.669
0.082	-0.323	11.282	2.728	1.335	486.175	-0.676
0.084	-0.311	11.300	2.711	1.327	498.360	-0.675
0.085	-0.311	11.288	2.703	1.335	504.452	-0.673
0.087	-0.304	11.282	2.703	1.327	510.545	-0.674
0.088	-0.311	11.288	2.687	1.335	517.856	-0.676
0.090	-0.311	11.294	2.670	1.327	523.948	-0.671
0.091	-0.311	11.294	2.670	1.343	521.511	-0.669
0.093	-0.311	11.288	2.646	1.335	519.074	-0.675
0.094	-0.304	11.288	2.654	1.335	522.729	-0.674
0.096	-0.311	11.294	2.637	1.327	522.729	-0.669
0.097	-0.304	11.282	2.621	1.343	510.545	-0.675
0.099	-0.298	11.294	2.629	1.327	515.419	-0.676
0.100	28.396	11.312	2.670	1.360	548.318	-0.637
0.102	46.862	11.288	2.670	1.335	509.326	-0.668
0.103	49.157	11.282	2.703	1.335	509.326	-0.681
0.105	49.431	11.294	2.752	1.327	521.511	-0.669
0.106	49.443	11.288	2.777	1.327	512.982	-0.673
0.108	49.455	11.282	2.801	1.343	519.074	-0.669
0.109	49.449	11.294	2.834	1.327	511.763	-0.670
0.111	49.443	11.294	2.859	1.335	505.671	-0.676
0.112	49.431	11.282	2.891	1.335	508.108	-0.679
0.114	49.425	11.294	2.924	1.327	506.889	-0.675
0.115	49.413	11.294	2.949	1.343	504.452	-0.676
0.117	49.419	11.294	2.973	1.335	505.671	-0.676
0.118	49.407	11.294	2.998	1.335	504.452	-0.675
0.120	49.400	11.300	3.022	1.327	503.234	-0.675
0.121	49.394	11.294	3.055	1.335	494.704	-0.682
0.123	49.394	11.294	3.072	1.327	508.108	-0.674
0.124	49.388	11.294	3.113	1.335	502.015	-0.674
0.126	49.370	11.294	3.129	1.335	498.360	-0.676
0.127	49.376	11.294	3.154	1.327	500.797	-0.677
0.129	49.358	11.300	3.170	1.335	504.452	-0.671
0.130	10.935	11.282	3.162	1.327	526.385	-0.658
0.132	1.084	11.300	3.145	1.327	487.393	-0.673
0.133	-0.152	11.300	3.121	1.335	495.923	-0.673
0.135	-0.329	11.300	3.104	1.327	497.141	-0.676
0.136	-0.347	11.306	3.080	1.343	499.578	-0.674
0.138	-0.353	11.306	3.072	1.327	505.671	-0.670
0.139	-0.353	11.306	3.055	1.327	502.015	-0.676
0.141	-0.353	11.306	3.039	1.335	515.419	-0.673
0.142	-0.353	11.294	3.031	1.335	520.293	-0.673
0.144	-0.359	11.312	3.014	1.327	523.948	-0.671
0.145	-0.347	11.318	2.998	1.327	523.948	-0.674
0.147	-0.347	11.300	2.973	1.327	523.948	-0.669
0.148	-0.353	11.312	2.981	1.335	520.293	-0.669
0.150	-0.347	11.318	2.957	1.327	519.074	-0.675
0.151	-0.353	11.294	2.949	1.327	527.603	-0.669
0.153	-0.335	11.300	2.932	1.319	519.074	-0.670
0.154	-0.335	11.306	2.908	1.327	514.200	-0.679
0.156	-0.335	11.306	2.908	1.327	517.856	-0.676
0.157	-0.335	11.294	2.916	1.335	517.856	-0.670
0.159	-0.341	11.312	2.891	1.327	514.200	-0.673
0.160	-0.335	11.306	2.875	1.335	509.326	-0.673
0.162	-0.335	11.300	2.875	1.335	521.511	-0.667
0.163	-0.335	11.306	2.850	1.335	511.763	-0.674
0.165	-0.329	11.312	2.859	1.319	512.982	-0.674
0.166	-0.329	11.300	2.834	1.327	515.419	-0.671
0.168	-0.323	11.306	2.818	1.335	510.545	-0.673
0.169	-0.317	11.312	2.809	1.327	506.889	-0.675
0.171	-0.323	11.312	2.801	1.335	506.889	-0.674
0.172	-0.329	11.306	2.785	1.335	506.889	-0.673
0.174	-0.323	11.306	2.785	1.335	510.545	-0.670
0.175	-0.323	11.312	2.769	1.335	505.671	-0.673
0.177	-0.323	11.294	2.760	1.335	508.108	-0.673
0.178	-0.317	11.312	2.736	1.335	503.234	-0.679
0.180	-0.317	11.300	2.744	1.343	510.545	-0.671
0.181	-0.323	11.306	2.736	1.335	500.797	-0.673
0.183	-0.304	11.312	2.728	1.335	499.578	-0.677
0.184	-0.311	11.300	2.703	1.343	500.797	-0.676
0.186	-0.311	11.312	2.703	1.343	503.234	-0.670
0.187	-0.311	11.294	2.678	1.335	497.141	-0.673
0.189	-0.304	11.312	2.695	1.327	499.578	-0.676
0.190	-0.311	11.312	2.687	1.335	502.015	-0.671
0.192	-0.304	11.312	2.662	1.319	493.486	-0.679
0.193	-0.311	11.312	2.662	1.335	495.923	-0.677
0.195	-0.311	11.306	2.646	1.327	498.360	-0.670
0.196	-0.298	11.312	2.637	1.327	487.393	-0.677
0.198	-0.304	11.312	2.629	1.335	495.923	-0.673
0.199	-0.335	11.312	2.629	1.327	502.015	-0.674
0.201	36.932	11.312	2.637	1.327	504.452	-0.687
0.202	47.945	11.318	2.678	1.343	510.545	-0.677
0.204	49.291	11.300	2.711	1.335	526.385	-0.670
0.205	49.431	11.312	2.744	1.319	517.856	-0.673
0.207	49.449	11.300	2.785	1.327	519.074	-0.681
0.208	49.443	11.318	2.826	1.335	525.166	-0.670
0.210	49.437	11.312	2.834	1.327	511.763	-0.676
0.211	49.419	11.294	2.867	1.335	516.637	-0.676
0.213	49.419	11.318	2.900	1.327	519.074	-0.675
0.214	49.413	11.312	2.924	1.335	516.637	-0.673
0.216	49.413	11.306	2.957	1.327	511.763	-0.675
0.217	49.400	11.312	2.998	1.327	511.763	-0.675
0.219	49.388	11.312	3.014	1.335	520.293	-0.669
0.220	49.394	11.300	3.031	1.335	508.108	-0.679
0.222	49.376	11.312	3.055	1.327	516.637	-0.674
0.223	49.376	11.318	3.088	1.335	508.108	-0.674
0.225	49.370	11.300	3.104	1.335	508.108	-0.673
0.226	49.370	11.312	3.137	1.327	508.108	-0.674
0.228	49.364	11.318	3.154	1.327	506.889	-0.676
0.229	48.755	11.318	3.178	1.327	515.419	-0.668
0.231	6.259	11.300	3.145	1.335	506.889	-0.667
0.232	0.505	11.312	3.137	1.327	502.015	-0.670
0.234	-0.237	11.312	3.113	1.327	509.326	-0.673
0.235	-0.335	11.312	3.096	1.335	503.234	-0.680
0.237	-0.359	11.324	3.072	1.319	505.671	-0.670
0.238	-0.365	11.312	3.055	1.319	498.360	-0.671
0.240	-0.359	11.312	3.055	1.335	498.360	-0.677
0.241	-0.347	11.312	3.031	1.335	504.452	-0.674
0.243	-0.347	11.318	3.022	1.335	500.797	-0.673
0.244	-0.353	11.318	3.006	1.335	497.141	-0.675
0.246	-0.353	11.306	2.990	1.335	503.234	-0.674
0.247	-0.353	11.312	2.981	1.327	499.578	-0.669
0.249	-0.347	11.318	2.965	1.327	493.486	-0.680
0.250	-0.341	11.312	2.957	1.335	504.452	-0.674
0.252	-0.341	11.312	2.949	1.327	502.015	-0.673
0.253	-0.341	11.318	2.941	1.335	503.234	-0.676
0.255	-0.335	11.306	2.916	1.327	509.326	-0.675
0.256	-0.347	11.300	2.908	1.335	520.293	-0.673
0.258	-0.347	11.324	2.900	1.319	521.511	-0.676
0.259	-0.335	11.312	2.883	1.335	521.511	-0.676
0.261	-0.341	11.312	2.875	1.319	523.948	-0.670
0.262	-0.329	11.324	2.859	1.327	516.637	-0.676
0.264	-0.329	11.312	2.850	1.327	521.511	-0.674
0.265	-0.335	11.306	2.850	1.335	528.822	-0.667
0.267	-0.323	11.318	2.842	1.335	515.419	-0.674
0.268	-0.335	11.318	2.826	1.327	516.637	-0.674
0.270	-0.323	11.318	2.818	1.327	517.856	-0.673
0.271	-0.329	11.318	2.801	1.335	515.419	-0.673
0.273	-0.317	11.318	2.793	1.319	514.200	-0.675
0.274	-0.311	11.318	2.777	1.327	515.419	-0.674
0.276	-0.311	11.324	2.777	1.335	519.074	-0.667
0.277	-0.323	11.312	2.760	1.319	512.982	-0.673
0.279	-0.311	11.318	2.760	1.335	516.637	-0.669
0.280	-0.317	11.312	2.752	1.327	508.108	-0.673
0.282	-0.317	11.306	2.736	1.327	508.108	-0.674
0.283	-0.317	11.318	2.719	1.327	511.763	-0.671
0.285	-0.323	11.312	2.711	1.327	509.326	-0.674
0.286	-0.311	11.318	2.711	1.327	506.889	-0.673
0.288	-0.311	11.318	2.703	1.327	509.326	-0.671
0.289	-0.317	11.312	2.687	1.343	512.982	-0.667
0.291	-0.317	11.312	2.687	1.327	503.234	-0.673
0.292	-0.304	11.324	2.678	1.327	505.671	-0.676
0.294	-0.311	11.306	2.654	1.335	508.108	-0.668
0.295	-0.304	11.306	2.637	1.327	499.578	-0.676
0.297	-0.298	11.318	2.637	1.335	498.360	-0.677
0.298	-0.298	11.318	2.637	1.327	504.452	-0.671
0.300	0.791	11.294	2.629	1.327	498.360	-0.673
0.301	42.758	11.324	2.662	1.327	498.360	-0.671
0.303	48.652	11.312	2.695	1.319	493.486	-0.671
0.304	49.364	11.306	2.728	1.319	500.797	-0.673
0.306	49.419	11.312	2.760	1.327	497.141	-0.679
0.307	49.437	11.312	2.801	1.319	503.234	-0.668
0.309	49.431	11.318	2.826	1.319	497.141	-0.673
0.310	49.419	11.312	2.842	1.327	494.704	-0.674
0.312	49.419	11.318	2.891	1.335	492.267	-0.675
0.313	49.413	11.312	2.908	1.327	499.578	-0.673
0.315	49.407	11.300	2.941	1.327	508.108	-0.677
0.316	49.413	11.312	2.973	1.327	515.419	-0.674
0.318	49.400	11.318	2.998	1.319	520.293	-0.671
0.319	49.394	11.312	3.014	1.327	514.200	-0.680
0.321	49.400	11.312	3.047	1.327	519.074	-0.675
0.322	49.388	11.318	3.072	1.319	520.293	-0.670
0.324	49.388	11.306	3.096	1.335	510.545	-0.676
0.325	49.382	11.306	3.129	1.327	516.637	-0.676
0.327	49.370	11.318	3.154	1.327	516.637	-0.674
0.328	49.370	11.312	3.170	1.335	512.982	-0.673
0.330	28.244	11.306	3.145	1.335	587.309	-0.631
0.331	3.263	11.324	3.145	1.335	511.763	-0.668
0.333	0.122	11.318	3.121	1.327	509.326	-0.671
0.334	-0.286	11.318	3.121	1.327	509.326	-0.679
0.336	-0.347	11.312	3.088	1.327	512.982	-0.670
0.337	-0.359	11.324	3.088	1.327	510.545	-0.668
0.339	-0.365	11.318	3.063	1.335	505.671	-0.676
0.340	-0.353	11.312	3.039	1.327	509.326	-0.674
0.342	-0.347	11.318	3.039	1.319	506.889	-0.671
0.343	-0.353	11.318	3.022	1.327	505.671	-0.674
0.345	-0.347	11.324	3.006	1.327	508.108	-0.674
0.346	-0.353	11.318	2.990	1.319	510.545	-0.668
0.348	-0.347	11.324	2.981	1.327	503.234	-0.677
0.349	-0.347	11.312	2.973	1.327	512.982	-0.670
0.351	-0.347	11.312	2.949	1.335	505.671	-0.667
0.352	-0.341	11.312	2.949	1.335	502.015	-0.673
0.354	-0.341	11.306	2.932	1.327	500.797	-0.675
0.355	-0.353	11.318	2.924	1.335	503.234	-0.674
0.357	-0.341	11.318	2.908	1.327	500.797	-0.673
0.358	-0.335	11.318	2.908	1.319	498.360	-0.673
0.360	-0.329	11.330	2.883	1.335	502.015	-0.669
0.361	-0.335	11.324	2.891	1.327	497.141	-0.675
0.363	-0.341	11.312	2.850	1.335	499.578	-0.676
0.364	-0.335	11.312	2.867	1.327	504.452	-0.665
0.366	-0.329	11.318	2.842	1.311	498.360	-0.673
0.367	-0.329	11.312	2.826	1.327	503.234	-0.676
0.369	-0.329	11.306	2.818	1.327	512.982	-0.671
0.370	-0.317	11.318	2.801	1.335	515.419	-0.673
0.372	-0.317	11.318	2.793	1.343	522.729	-0.675
0.373	-0.329	11.312	2.793	1.319	522.729	-0.673
0.375	-0.323	11.312	2.785	1.327	526.385	-0.667
0.376	-0.323	11.330	2.769	1.327	514.200	-0.680
0.378	-0.317	11.318	2.769	1.327	525.166	-0.671
0.379	-0.317	11.324	2.760	1.319	520.293	-0.670
0.381	-0.317	11.324	2.744	1.327	517.856	-0.674
0.382	-0.311	11.318	2.736	1.335	516.637	-0.674
0.384	-0.317	11.324	2.719	1.319	520.293	-0.673
0.385	-0.317	11.318	2.719	1.327	514.200	-0.673
0.387	-0.311	11.318	2.695	1.327	516.637	-0.673
0.388	-0.304	11.312	2.695	1.311	515.419	-0.671
0.390	-0.304	11.324	2.687	1.335	510.545	-0.675
0.391	-0.311	11.324	2.662	1.327	512.982	-0.674
0.393	-0.304	11.318	2.662	1.327	519.074	-0.668
0.394	-0.292	11.312	2.654	1.327	505.671	-0.679
0.396	-0.298	11.312	2.646	1.327	509.326	-0.674
0.397	-0.311	11.318	2.646	1.327	511.763	-0.671
0.399	-0.311	11.318	2.629	1.319	510.545	-0.673
0.400	20.359	11.330	2.670	1.311	460.587	-0.739
0.402	45.839	11.312	2.678	1.327	497.141	-0.681
0.403	49.029	11.306	2.719	1.335	505.671	-0.670
0.405	49.400	11.306	2.736	1.319	506.889	-0.673
0.406	49.437	11.318	2.785	1.327	510.545	-0.668
0.408	49.437	11.300	2.809	1.327	504.452	-0.670
0.409	49.437	11.312	2.834	1.335	503.234	-0.674
0.411	49.437	11.318	2.875	1.319	503.234	-0.673
0.412	49.437	11.306	2.908	1.327	502.015	-0.676
0.414	49.431	11.312	2.916	1.327	503.234	-0.674
0.415	49.419	11.300	2.949	1.327	500.797	-0.669
0.417	49.407	11.306	2.973	1.327	503.234	-0.669
0.418	49.419	11.312	3.014	1.327	495.923	-0.675
0.420	49.394	11.318	3.039	1.327	502.015	-0.676
0.421	49.394	11.312	3.055	1.327	500.797	-0.671
0.423	49.394	11.306	3.096	1.327	493.486	-0.676
0.424	49.388	11.306	3.113	1.327	493.486	-0.679
0.426	49.382	11.318	3.121	1.327	497.141	-0.676
0.427	49.370	11.312	3.154	1.327	493.486	-0.676
0.429	49.370	11.312	3.178	1.319	504.452	-0.676
0.430	15.081	11.294	3.154	1.335	512.982	-0.675
0.432	1.626	11.312	3.154	1.327	498.360	-0.677
0.433	-0.097	11.318	3.129	1.327	516.637	-0.682
0.435	-0.323	11.312	3.104	1.319	520.293	-0.674
0.436	-0.347	11.312	3.096	1.311	516.637	-0.675
0.438	-0.359	11.318	3.080	1.319	514.200	-0.677
0.439	-0.353	11.318	3.063	1.327	515.419	-0.675
0.441	-0.353	11.312	3.047	1.327	515.419	-0.675
0.442	-0.359	11.318	3.031	1.335	512.982	-0.677
0.444	-0.353	11.318	3.014	1.327	514.200	-0.677
0.445	-0.347	11.318	3.006	1.327	515.419	-0.671
0.447	-0.353	11.300	2.998	1.319	504.452	-0.681
0.448	-0.347	11.306	2.990	1.319	516.637	-0.674
0.450	-0.347	11.318	2.973	1.319	516.637	-0.670
0.451	-0.341	11.306	2.957	1.319	503.234	-0.677
0.453	-0.341	11.318	2.932	1.327	506.889	-0.677
0.454	-0.341	11.312	2.949	1.335	512.982	-0.671
0.456	-0.335	11.312	2.924	1.327	509.326	-0.676
0.457	-0.335	11.318	2.908	1.319	505.671	-0.676
0.459	-0.335	11.306	2.900	1.319	506.889	-0.675
0.460	-0.329	11.312	2.883	1.319	504.452	-0.674
0.462	-0.335	11.312	2.883	1.319	500.797	-0.680
0.463	-0.335	11.312	2.867	1.327	511.763	-0.670
0.465	-0.329	11.318	2.850	1.319	499.578	-0.676
0.466	-0.335	11.306	2.842	1.319	504.452	-0.673
0.468	-0.323	11.318	2.834	1.327	505.671	-0.670
0.469	-0.323	11.306	2.826	1.319	502.015	-0.673
0.471	-0.329	11.312	2.818	1.319	498.360	-0.677
0.472	-0.329	11.306	2.809	1.327	500.797	-0.675
0.474	-0.317	11.318	2.785	1.319	499.578	-0.670
0.475	-0.317	11.312	2.785	1.335	497.141	-0.677
0.477	-0.317	11.312	2.769	1.327	502.015	-0.671
0.478	-0.323	11.306	2.760	1.327	503.234	-0.668
0.480	-0.323	11.312	2.744	1.319	498.360	-0.674
0.481	-0.311	11.312	2.744	1.327	499.578	-0.673
0.483	-0.311	11.312	2.736	1.319	508.108	-0.671
0.484	-0.311	11.312	2.728	1.319	514.200	-0.671
0.486	-0.317	11.312	2.703	1.311	519.074	-0.677
0.487	-0.311	11.312	2.711	1.319	526.385	-0.669
0.489	-0.304	11.312	2.687	1.311	521.511	-0.674
0.490	-0.317	11.312	2.687	1.327	526.385	-0.674
0.492	-0.304	11.312	2.670	1.319	525.166	-0.665
0.493	-0.311	11.306	2.662	1.335	517.856	-0.674
0.495	-0.311	11.306	2.654	1.327	520.293	-0.675
0.496	-0.311	11.294	2.654	1.327	520.293	-0.670
0.498	-0.304	11.312	2.637	1.319	517.856	-0.673
0.499	-0.304	11.306	2.629	1.327	515.419	-0.674
0.501	32.311	11.324	2.670	1.327	564.158	-0.664
0.502	47.355	11.306	2.695	1.327	511.763	-0.665
0.504	49.218	11.306	2.711	1.311	504.452	-0.677
0.505	49.431	11.282	2.752	1.335	515.419	-0.670
0.507	49.449	11.306	2.793	1.319	512.982	-0.670
0.508	49.437	11.312	2.826	1.319	509.326	-0.674
0.510	49.437	11.300	2.850	1.302	515.419	-0.668
0.511	49.425	11.306	2.875	1.319	508.108	-0.674
0.513	49.425	11.300	2.908	1.311	511.763	-0.674
0.514	49.419	11.312	2.924	1.319	509.326	-0.674
0.516	49.413	11.306	2.957	1.327	508.108	-0.671
0.517	49.413	11.312	2.981	1.311	502.015	-0.681
0.519	49.407	11.300	3.022	1.327	509.326	-0.675
0.520	49.400	11.300	3.039	1.319	509.326	-0.669
0.522	49.394	11.300	3.063	1.327	499.578	-0.675
0.523	49.394	11.306	3.088	1.319	502.015	-0.679
0.525	49.388	11.300	3.104	1.311	504.452	-0.675
0.526	49.382	11.306	3.137	1.311	500.797	-0.671
0.528	49.382	11.306	3.162	1.327	503.234	-0.676
0.529	49.376	11.294	3.178	1.327	502.015	-0.675
0.531	8.791	11.306	3.170	1.302	504.452	-0.675
0.532	0.816	11.312	3.145	1.327	487.393	-0.676
0.534	-0.201	11.306	3.121	1.327	503.234	-0.669
0.535	-0.335	11.306	3.104	1.311	494.704	-0.674
0.537	-0.347	11.306	3.080	1.311	497.141	-0.674
0.538	-0.359	11.306	3.072	1.327	494.704	-0.674
0.540	-0.353	11.306	3.055	1.311	493.486	-0.675
0.541	-0.359	11.306	3.047	1.319	493.486	-0.674
0.543	-0.353	11.294	3.014	1.319	502.015	-0.673
0.544	-0.359	11.306	3.014	1.319	509.326	-0.670
0.546	-0.347	11.306	2.998	1.319	508.108	-0.679
0.547	-0.347	11.306	2.990	1.335	522.729	-0.674
0.549	-0.353	11.294	2.990	1.311	526.385	-0.667
0.550	-0.347	11.312	2.965	1.319	515.419	-0.675
0.552	-0.347	11.306	2.957	1.319	519.074	-0.674
0.553	-0.341	11.306	2.941	1.327	520.293	-0.674
0.555	-0.347	11.306	2.932	1.319	521.511	-0.671
0.556	-0.335	11.306	2.916	1.319	515.419	-0.673
0.558	-0.335	11.300	2.916	1.319	519.074	-0.674
0.559	-0.335	11.294	2.900	1.319	515.419	-0.675
0.561	-0.341	11.300	2.891	1.319	511.763	-0.682
0.562	-0.341	11.300	2.875	1.311	515.419	-0.670
0.564	-0.329	11.306	2.859	1.327	510.545	-0.675
0.565	-0.329	11.306	2.859	1.319	509.326	-0.675
0.567	-0.341	11.294	2.842	1.311	521.511	-0.667
0.568	-0.323	11.294	2.826	1.319	508.108	-0.670
0.570	-0.329	11.300	2.818	1.319	509.326	-0.675
0.571	-0.329	11.300	2.818	1.319	510.545	-0.676
0.573	-0.317	11.300	2.801	1.311	506.889	-0.674
0.574	-0.317	11.306	2.785	1.319	500.797	-0.679
0.576	-0.323	11.300	2.769	1.319	505.671	-0.677
0.577	-0.317	11.300	2.777	1.327	509.326	-0.669
0.579	-0.323	11.294	2.760	1.319	503.234	-0.675
0.580	-0.323	11.300	2.760	1.327	502.015	-0.674
