Time (ms)	Ch1 V	Ch2 V	Ch1 A	Ch2 A	RPM	Torque
0.000	25.881	36.353	6.029	4.071	1651.045	-1.361
0.001	45.589	36.335	5.996	4.079	1612.054	-1.383
0.003	48.091	36.384	6.004	4.071	1616.928	-1.381
0.004	48.402	36.414	6.004	4.079	1615.709	-1.382
0.006	48.438	36.451	6.020	4.071	1616.928	-1.379
0.007	48.445	36.487	6.029	4.079	1613.272	-1.384
0.009	48.451	36.518	6.029	4.079	1609.617	-1.382
0.010	48.457	36.536	6.037	4.079	1605.961	-1.383
0.012	48.445	36.572	6.045	4.079	1612.054	-1.378
0.013	48.463	36.591	6.037	4.071	1601.088	-1.385
0.015	48.457	36.615	6.029	4.079	1594.995	-1.382
0.016	48.463	36.633	6.053	4.071	1594.995	-1.384
0.018	48.451	36.639	6.029	4.079	1599.869	-1.383
0.019	48.438	36.658	6.045	4.071	1602.306	-1.382
0.021	48.451	36.676	6.053	4.087	1609.617	-1.383
0.022	48.451	36.688	6.053	4.071	1610.835	-1.384
0.024	48.445	36.700	6.069	4.079	1614.491	-1.381
0.025	48.445	36.700	6.069	4.071	1618.146	-1.377
0.027	48.469	36.712	6.069	4.071	1607.180	-1.385
0.028	48.451	36.731	6.061	4.071	1607.180	-1.381
0.030	48.469	36.670	6.078	4.079	1603.525	-1.382
0.031	48.469	36.688	6.053	4.071	1597.432	-1.385
0.033	48.457	36.639	6.061	4.079	1599.869	-1.383
0.034	48.469	36.645	6.069	4.079	1607.180	-1.381
0.036	48.463	36.627	6.061	4.071	1603.525	-1.385
0.037	48.493	36.633	6.069	4.071	1613.272	-1.384
0.039	48.445	36.615	6.069	4.071	1620.583	-1.379
0.040	48.426	36.621	6.078	4.063	1612.054	-1.387
0.042	48.438	36.639	6.078	4.071	1620.583	-1.378
0.043	48.451	36.603	6.078	4.071	1612.054	-1.382
0.045	48.438	36.621	6.078	4.071	1610.835	-1.382
0.046	48.432	36.585	6.094	4.079	1607.180	-1.382
0.048	48.445	36.603	6.078	4.079	1602.306	-1.384
0.049	48.426	36.560	6.094	4.071	1601.088	-1.385
0.051	48.445	36.585	6.102	4.071	1597.432	-1.382
0.052	48.438	36.548	6.102	4.071	1601.088	-1.378
0.054	48.438	36.554	6.094	4.063	1596.214	-1.387
0.055	48.432	36.518	6.110	4.063	1610.835	-1.379
0.057	48.469	36.542	6.102	4.071	1613.272	-1.381
0.058	48.432	36.511	6.102	4.055	1615.709	-1.383
0.060	48.426	36.536	6.094	4.063	1612.054	-1.383
0.061	48.432	36.499	6.094	4.063	1608.398	-1.385
0.063	48.457	36.530	6.086	4.055	1607.180	-1.384
0.064	48.438	36.451	6.078	4.063	1610.835	-1.381
0.066	48.438	36.505	6.086	4.063	1608.398	-1.381
0.067	48.487	36.475	6.094	4.063	1603.525	-1.383
0.069	48.457	36.457	6.078	4.063	1613.272	-1.373
0.070	48.414	36.438	6.069	4.055	1605.961	-1.384
0.072	48.463	36.457	6.078	4.055	1609.617	-1.383
0.073	48.402	36.408	6.069	4.063	1616.928	-1.379
0.075	48.432	36.432	6.069	4.055	1616.928	-1.383
0.076	48.408	36.384	6.078	4.055	1616.928	-1.379
0.078	48.426	36.420	6.069	4.063	1618.146	-1.379
0.079	48.408	36.378	6.086	4.063	1613.272	-1.382
0.081	48.414	36.371	6.086	4.071	1604.743	-1.385
0.082	48.408	36.347	6.094	4.055	1613.272	-1.377
0.084	48.445	36.341	6.102	4.055	1603.525	-1.382
0.085	48.432	36.323	6.102	4.046	1602.306	-1.381
0.087	48.414	36.323	6.094	4.046	1598.651	-1.379
0.088	48.420	36.311	6.102	4.055	1599.869	-1.379
0.090	16.627	36.298	6.053	4.046	1560.878	-1.436
0.091	1.559	36.304	6.037	4.038	1601.088	-1.385
0.093	-0.384	36.286	6.004	4.055	1613.272	-1.382
0.094	-0.633	36.304	5.963	4.055	1618.146	-1.378
0.096	-0.676	36.280	5.922	4.063	1616.928	-1.377
0.097	-0.682	36.286	5.897	4.046	1607.180	-1.383
0.099	-0.712	36.256	5.857	4.055	1609.617	-1.379
0.100	35.075	36.292	5.865	4.046	1587.684	-1.393
0.102	46.789	36.225	5.857	4.071	1605.961	-1.378
0.103	48.262	36.256	5.881	4.046	1604.743	-1.383
0.105	48.438	36.231	5.881	4.055	1601.088	-1.379
0.106	48.463	36.244	5.906	4.046	1602.306	-1.383
0.108	48.469	36.201	5.906	4.046	1610.835	-1.379
0.109	48.475	36.238	5.914	4.038	1618.146	-1.377
0.111	48.469	36.201	5.914	4.055	1615.709	-1.382
0.112	48.475	36.238	5.922	4.055	1616.928	-1.381
0.114	48.475	36.201	5.930	4.055	1616.928	-1.379
0.115	48.469	36.219	5.930	4.055	1609.617	-1.382
0.117	48.481	36.189	5.947	4.063	1605.961	-1.382
0.118	48.475	36.219	5.947	4.046	1607.180	-1.381
0.120	48.475	36.195	5.947	4.055	1599.869	-1.384
0.121	48.475	36.219	5.963	4.055	1603.525	-1.379
0.123	48.475	36.189	5.963	4.046	1596.214	-1.383
0.124	48.469	36.201	5.955	4.063	1592.558	-1.385
0.126	48.481	36.177	5.971	4.063	1602.306	-1.381
0.127	48.469	36.201	5.963	4.055	1608.398	-1.378
0.129	48.463	36.189	5.971	4.055	1612.054	-1.382
0.130	48.463	36.183	5.971	4.055	1619.365	-1.378
0.132	48.463	36.164	5.979	4.055	1614.491	-1.378
0.133	48.463	36.189	5.979	4.046	1605.961	-1.387
0.135	48.463	36.177	5.979	4.063	1612.054	-1.377
0.136	48.463	36.158	5.988	4.055	1605.961	-1.381
0.138	48.463	36.152	5.996	4.046	1597.432	-1.384
0.139	48.469	36.158	5.988	4.055	1607.180	-1.381
0.141	48.457	36.158	6.004	4.063	1603.525	-1.381
0.142	48.451	36.164	6.012	4.046	1607.180	-1.378
0.144	48.451	36.171	6.020	4.055	1615.709	-1.378
0.145	48.445	36.140	6.020	4.055	1621.802	-1.376
0.147	48.445	36.171	6.020	4.063	1613.272	-1.384
0.148	48.457	36.164	6.020	4.055	1620.583	-1.375
0.150	48.438	36.171	6.029	4.063	1610.835	-1.381
0.151	48.445	36.146	6.020	4.046	1613.272	-1.381
0.153	48.445	36.177	6.045	4.063	1612.054	-1.377
0.154	48.432	36.152	6.037	4.055	1608.398	-1.379
0.156	48.438	36.177	6.037	4.071	1604.743	-1.381
0.157	48.426	36.134	6.045	4.055	1605.961	-1.377
0.159	48.426	36.177	6.045	4.063	1602.306	-1.377
0.160	48.426	36.134	6.045	4.055	1593.777	-1.387
0.162	48.432	36.171	6.045	4.046	1609.617	-1.377
0.163	48.420	36.146	6.061	4.071	1609.617	-1.381
0.165	48.426	36.183	6.061	4.071	1612.054	-1.382
0.166	48.438	36.134	6.061	4.055	1607.180	-1.388
0.168	48.432	36.183	6.069	4.055	1613.272	-1.379
0.169	48.432	36.152	6.069	4.055	1610.835	-1.381
0.171	48.432	36.183	6.086	4.063	1613.272	-1.376
0.172	48.426	36.152	6.069	4.063	1605.961	-1.378
0.174	48.432	36.183	6.078	4.071	1597.432	-1.384
0.175	48.426	36.152	6.086	4.063	1605.961	-1.378
0.177	48.426	36.171	6.094	4.071	1601.088	-1.382
0.178	48.426	36.146	6.086	4.063	1605.961	-1.382
0.180	48.426	36.171	6.086	4.063	1612.054	-1.381
0.181	48.420	36.140	6.094	4.055	1616.928	-1.382
0.183	48.426	36.183	6.110	4.063	1618.146	-1.379
0.184	48.432	36.158	6.094	4.063	1618.146	-1.379
0.186	48.426	36.183	6.094	4.055	1612.054	-1.381
0.187	48.426	36.164	6.119	4.063	1612.054	-1.382
0.189	48.426	36.171	6.119	4.071	1614.491	-1.378
0.190	8.785	36.152	6.078	4.055	1580.373	-1.395
0.192	0.554	36.158	6.037	4.063	1598.651	-1.384
0.193	-0.518	36.177	5.988	4.063	1596.214	-1.381
0.195	-0.651	36.183	5.963	4.071	1597.432	-1.379
0.196	-0.682	36.189	5.914	4.063	1601.088	-1.377
0.198	-0.688	36.164	5.889	4.071	1605.961	-1.382
0.199	-0.444	36.164	5.865	4.071	1601.088	-1.388
0.201	41.248	36.164	5.865	4.063	1609.617	-1.376
0.202	47.562	36.183	5.865	4.055	1627.894	-1.371
0.204	48.359	36.164	5.881	4.063	1607.180	-1.385
0.205	48.457	36.189	5.889	4.071	1609.617	-1.382
0.207	48.487	36.171	5.889	4.055	1605.961	-1.379
0.208	48.481	36.189	5.906	4.071	1607.180	-1.379
0.210	48.487	36.171	5.914	4.063	1602.306	-1.382
0.211	48.487	36.201	5.914	4.055	1607.180	-1.378
0.213	48.487	36.171	5.914	4.079	1602.306	-1.381
0.214	48.481	36.201	5.922	4.071	1619.365	-1.372
0.216	48.481	36.171	5.938	4.071	1615.709	-1.378
0.217	48.481	36.207	5.947	4.071	1616.928	-1.383
0.219	48.481	36.177	5.955	4.079	1618.146	-1.381
0.220	48.475	36.213	5.938	4.071	1616.928	-1.378
0.222	48.475	36.177	5.963	4.071	1610.835	-1.381
0.223	48.463	36.219	5.963	4.071	1609.617	-1.381
0.225	48.469	36.183	5.971	4.071	1614.491	-1.377
0.226	48.469	36.225	5.963	4.071	1602.306	-1.382
0.228	48.469	36.201	5.963	4.079	1612.054	-1.375
0.229	48.463	36.219	5.979	4.087	1594.995	-1.378
0.231	48.457	36.189	5.979	4.071	1594.995	-1.381
0.232	48.463	36.225	5.988	4.071	1602.306	-1.381
0.234	48.469	36.201	5.979	4.071	1608.398	-1.379
0.235	48.457	36.225	5.979	4.079	1609.617	-1.381
0.237	48.451	36.201	6.004	4.079	1616.928	-1.381
0.238	48.457	36.231	6.004	4.063	1612.054	-1.383
0.240	48.457	36.195	5.996	4.063	1612.054	-1.383
0.241	48.451	36.231	6.012	4.079	1612.054	-1.378
0.243	48.451	36.201	6.012	4.071	1604.743	-1.383
0.244	48.432	36.213	6.012	4.071	1603.525	-1.382
0.246	48.438	36.213	6.020	4.071	1603.525	-1.379
0.247	48.438	36.231	6.012	4.071	1601.088	-1.383
0.249	48.445	36.213	6.029	4.071	1602.306	-1.383
0.250	48.432	36.213	6.029	4.063	1607.180	-1.381
0.252	48.438	36.213	6.037	4.087	1612.054	-1.382
0.253	48.432	36.225	6.037	4.079	1618.146	-1.383
0.255	48.438	36.213	6.037	4.055	1621.802	-1.379
0.256	48.438	36.207	6.037	4.071	1614.491	-1.383
0.258	48.432	36.219	6.053	4.079	1609.617	-1.384
0.259	48.438	36.219	6.037	4.071	1607.180	-1.382
0.261	48.438	36.225	6.053	4.071	1605.961	-1.384
0.262	48.438	36.207	6.045	4.071	1602.306	-1.382
0.264	48.438	36.225	6.053	4.071	1603.525	-1.381
0.265	48.438	36.225	6.061	4.079	1593.777	-1.384
0.267	48.438	36.225	6.061	4.071	1591.340	-1.388
0.268	48.432	36.189	6.061	4.063	1604.743	-1.379
0.270	48.438	36.225	6.069	4.079	1604.743	-1.384
0.271	48.432	36.189	6.069	4.071	1610.835	-1.381
0.273	48.426	36.219	6.086	4.071	1613.272	-1.381
0.274	48.432	36.097	6.069	4.046	1612.054	-1.382
0.276	48.426	36.097	6.086	4.063	1608.398	-1.385
0.277	48.426	36.006	6.094	4.046	1612.054	-1.381
0.279	48.426	35.994	6.094	4.038	1601.088	-1.387
0.280	48.420	35.915	6.086	4.022	1601.088	-1.383
0.282	48.438	35.903	6.094	4.022	1613.272	-1.377
0.283	48.426	35.866	6.094	4.022	1598.651	-1.385
0.285	48.426	35.897	6.102	4.030	1604.743	-1.385
0.286	48.426	35.842	6.102	4.022	1610.835	-1.382
0.288	48.426	35.860	6.110	4.022	1615.709	-1.382
0.289	40.469	35.848	6.078	4.022	1594.995	-1.415
0.291	4.444	35.854	6.061	4.022	1605.961	-1.385
0.292	-0.006	35.830	6.020	4.014	1604.743	-1.392
0.294	-0.584	35.854	5.979	4.038	1614.491	-1.381
0.295	-0.670	35.817	5.947	4.005	1612.054	-1.378
0.297	-0.688	35.848	5.914	4.022	1607.180	-1.383
0.298	-0.682	35.811	5.881	4.038	1599.869	-1.383
0.300	17.364	35.842	5.897	4.014	1568.188	-1.422
0.301	44.554	35.805	5.865	4.030	1591.340	-1.388
0.303	47.988	35.842	5.873	4.014	1598.651	-1.382
0.304	48.414	35.811	5.881	4.022	1602.306	-1.379
0.306	48.469	35.836	5.889	4.014	1597.432	-1.390
0.307	48.481	35.811	5.906	4.030	1610.835	-1.381
0.309	48.487	35.817	5.906	4.022	1615.709	-1.381
0.310	48.481	35.817	5.922	4.022	1608.398	-1.385
0.312	48.487	35.830	5.930	4.030	1605.961	-1.387
0.313	48.487	35.830	5.938	4.030	1608.398	-1.382
0.315	48.481	35.836	5.947	4.022	1603.525	-1.383
0.316	48.475	35.836	5.938	4.030	1603.525	-1.383
0.318	48.475	35.830	5.947	4.030	1609.617	-1.381
0.319	48.469	35.848	5.963	4.022	1594.995	-1.390
0.321	48.469	35.830	5.955	4.038	1609.617	-1.381
0.322	48.469	35.854	5.971	4.022	1610.835	-1.381
0.324	48.469	35.848	5.971	4.030	1610.835	-1.384
0.325	48.469	35.866	5.963	4.014	1618.146	-1.383
0.327	48.457	35.842	5.979	4.030	1615.709	-1.381
0.328	48.469	35.872	5.979	4.030	1609.617	-1.383
0.330	48.457	35.854	5.979	4.030	1610.835	-1.383
0.331	48.457	35.878	5.988	4.022	1608.398	-1.382
0.333	48.451	35.866	5.996	4.030	1599.869	-1.387
0.334	48.445	35.903	5.996	4.038	1604.743	-1.381
0.336	48.445	35.866	6.004	4.030	1597.432	-1.383
0.337	48.438	35.909	6.004	4.038	1590.121	-1.387
0.339	48.451	35.872	6.012	4.038	1599.869	-1.382
0.340	48.451	35.921	6.020	4.038	1601.088	-1.383
0.342	48.445	35.884	6.029	4.046	1604.743	-1.384
0.343	48.451	35.927	6.020	4.030	1610.835	-1.383
0.345	48.438	35.897	6.020	4.046	1620.583	-1.377
0.346	48.451	35.933	6.020	4.038	1608.398	-1.385
0.348	48.445	35.903	6.029	4.030	1614.491	-1.378
0.349	48.451	35.945	6.037	4.038	1603.525	-1.387
0.351	48.445	35.915	6.029	4.030	1603.525	-1.384
0.352	48.451	35.951	6.053	4.030	1603.525	-1.381
0.354	48.445	35.927	6.037	4.038	1604.743	-1.382
0.355	48.451	35.970	6.053	4.046	1602.306	-1.383
0.357	48.445	35.927	6.053	4.038	1614.491	-1.377
0.358	48.445	35.970	6.053	4.038	1610.835	-1.382
0.360	48.432	35.945	6.061	4.046	1613.272	-1.384
0.361	48.438	35.982	6.069	4.038	1620.583	-1.379
0.363	48.438	35.951	6.061	4.046	1615.709	-1.382
0.364	48.438	36.000	6.069	4.046	1616.928	-1.379
0.366	48.438	35.970	6.069	4.046	1612.054	-1.382
0.367	48.432	35.988	6.078	4.055	1608.398	-1.379
0.369	48.426	35.970	6.078	4.046	1603.525	-1.382
0.370	48.426	36.006	6.078	4.046	1610.835	-1.377
0.372	48.432	35.988	6.086	4.046	1604.743	-1.378
0.373	48.426	36.000	6.102	4.038	1602.306	-1.382
0.375	48.432	36.000	6.110	4.038	1602.306	-1.379
0.376	48.438	36.018	6.094	4.038	1603.525	-1.383
0.378	48.438	35.994	6.102	4.046	1607.180	-1.381
0.379	48.445	36.018	6.102	4.055	1616.928	-1.379
0.381	48.445	36.012	6.110	4.055	1614.491	-1.384
0.382	48.438	36.024	6.119	4.055	1615.709	-1.383
0.384	48.438	36.031	6.127	4.046	1616.928	-1.377
0.385	48.432	36.024	6.119	4.046	1605.961	-1.385
0.387	48.432	36.037	6.119	4.046	1609.617	-1.379
0.388	48.432	36.037	6.127	4.038	1607.180	-1.381
0.390	23.239	36.000	6.061	4.063	1660.793	-1.376
0.391	2.387	36.024	6.061	4.046	1609.617	-1.378
0.393	-0.274	36.061	6.029	4.055	1610.835	-1.379
0.394	-0.615	36.061	5.979	4.046	1612.054	-1.384
0.396	-0.676	36.085	5.963	4.046	1619.365	-1.379
0.397	-0.682	36.067	5.922	4.055	1625.457	-1.377
0.399	-0.688	36.091	5.889	4.038	1608.398	-1.387
0.400	30.155	36.085	5.914	4.055	1663.230	-1.356
0.402	46.155	36.097	5.889	4.046	1614.491	-1.377
0.403	48.183	36.085	5.889	4.055	1608.398	-1.382
0.405	48.420	36.110	5.906	4.046	1608.398	-1.379
0.406	48.463	36.085	5.897	4.055	1601.088	-1.383
0.408	48.463	36.110	5.922	4.063	1596.214	-1.385
0.409	48.475	36.091	5.938	4.055	1601.088	-1.382
0.411	48.469	36.128	5.930	4.055	1603.525	-1.379
0.412	48.469	36.104	5.930	4.046	1599.869	-1.387
0.414	48.457	36.140	5.947	4.046	1614.491	-1.378
0.415	48.469	36.110	5.938	4.063	1615.709	-1.383
0.417	48.469	36.146	5.938	4.055	1609.617	-1.387
0.418	48.451	36.122	5.963	4.055	1612.054	-1.384
0.420	48.463	36.164	5.971	4.055	1609.617	-1.383
0.421	48.457	36.128	5.979	4.063	1605.961	-1.383
0.423	48.457	36.177	5.955	4.055	1607.180	-1.383
0.424	48.445	36.152	5.979	4.063	1602.306	-1.385
0.426	48.463	36.171	5.988	4.055	1597.432	-1.389
0.427	48.451	36.134	5.988	4.046	1609.617	-1.378
0.429	48.451	36.189	5.996	4.055	1607.180	-1.385
0.430	48.457	36.164	5.988	4.055	1613.272	-1.383
0.432	48.463	36.183	6.004	4.055	1615.709	-1.382
0.433	48.451	36.158	6.012	4.055	1618.146	-1.382
0.435	48.457	36.195	6.004	4.055	1615.709	-1.382
0.436	48.457	36.164	6.012	4.055	1613.272	-1.382
0.438	48.451	36.213	6.029	4.055	1609.617	-1.387
0.439	48.451	36.183	6.029	4.063	1605.961	-1.385
0.441	48.445	36.207	6.029	4.055	1610.835	-1.379
0.442	48.451	36.189	6.045	4.071	1601.088	-1.384
0.444	48.451	36.213	6.029	4.063	1593.777	-1.382
0.445	48.445	36.189	6.029	4.079	1597.432	-1.385
0.447	48.445	36.225	6.037	4.055	1605.961	-1.379
0.448	48.451	36.195	6.045	4.046	1604.743	-1.384
0.450	48.445	36.219	6.053	4.063	1615.709	-1.378
0.451	48.457	36.213	6.061	4.055	1609.617	-1.387
0.453	48.445	36.219	6.061	4.055	1621.802	-1.379
0.454	48.445	36.207	6.069	4.063	1619.365	-1.378
0.456	48.445	36.213	6.061	4.071	1608.398	-1.385
0.457	48.438	36.219	6.069	4.055	1604.743	-1.384
0.459	48.438	36.250	6.069	4.063	1604.743	-1.382
0.460	48.438	36.238	6.069	4.063	1598.651	-1.383
0.462	48.438	36.244	6.086	4.063	1601.088	-1.383
0.463	48.438	36.256	6.078	4.071	1607.180	-1.382
0.465	48.451	36.238	6.094	4.071	1603.525	-1.388
0.466	48.438	36.250	6.086	4.071	1616.928	-1.383
0.468	48.451	36.256	6.102	4.063	1620.583	-1.382
0.469	48.445	36.268	6.102	4.055	1615.709	-1.382
0.471	48.445	36.250	6.094	4.063	1610.835	-1.384
0.472	48.438	36.280	6.102	4.063	1612.054	-1.383
0.474	48.432	36.250	6.110	4.071	1610.835	-1.383
0.475	48.438	36.280	6.110	4.071	1605.961	-1.385
0.477	48.438	36.262	6.110	4.063	1607.180	-1.383
0.478	48.438	36.292	6.127	4.055	1594.995	-1.387
0.480	48.426	36.274	6.119	4.071	1597.432	-1.381
0.481	48.432	36.292	6.127	4.071	1598.651	-1.383
0.483	48.432	36.286	6.127	4.063	1596.214	-1.387
0.484	48.426	36.323	6.135	4.071	1602.306	-1.385
0.486	48.426	36.286	6.143	4.079	1610.835	-1.382
0.487	48.426	36.329	6.151	4.063	1614.491	-1.383
0.489	48.420	36.304	6.143	4.071	1605.961	-1.389
0.490	12.311	36.317	6.110	4.063	1630.331	-1.359
0.492	0.992	36.304	6.069	4.079	1598.651	-1.392
0.493	-0.463	36.341	6.029	4.063	1604.743	-1.385
0.495	-0.645	36.317	5.996	4.071	1605.961	-1.381
0.496	-0.688	36.353	5.963	4.071	1601.088	-1.385
0.498	-0.688	36.304	5.922	4.071	1599.869	-1.385
0.499	-0.834	36.353	5.897	4.071	1604.743	-1.383
0.501	38.490	36.329	5.906	4.063	1610.835	-1.373
0.502	47.209	36.359	5.889	4.071	1612.054	-1.384
0.504	48.298	36.317	5.922	4.079	1621.802	-1.381
0.505	48.445	36.353	5.914	4.071	1610.835	-1.390
0.507	48.445	36.329	5.947	4.071	1624.239	-1.375
0.508	48.463	36.353	5.938	4.071	1610.835	-1.381
0.510	48.457	36.323	5.963	4.063	1607.180	-1.383
0.511	48.463	36.359	5.963	4.063	1608.398	-1.382
0.513	48.463	36.341	5.955	4.071	1603.525	-1.383
0.514	48.457	36.365	5.971	4.071	1601.088	-1.382
0.516	48.463	36.341	5.971	4.079	1602.306	-1.379
0.517	48.457	36.359	5.979	4.071	1594.995	-1.381
0.519	48.463	36.353	5.971	4.071	1598.651	-1.387
0.520	48.463	36.371	5.979	4.079	1614.491	-1.378
0.522	48.457	36.359	6.004	4.079	1610.835	-1.383
0.523	48.457	36.384	5.996	4.071	1616.928	-1.382
0.525	48.457	36.365	6.004	4.071	1616.928	-1.379
0.526	48.463	36.384	6.012	4.071	1610.835	-1.382
0.528	48.457	36.378	6.012	4.071	1608.398	-1.384
0.529	48.451	36.384	6.020	4.071	1612.054	-1.377
0.531	48.457	36.371	6.020	4.079	1604.743	-1.381
0.532	48.451	36.378	6.020	4.071	1610.835	-1.383
0.534	48.457	36.378	6.029	4.071	1607.180	-1.378
0.535	48.451	36.384	6.045	4.079	1602.306	-1.385
0.537	48.445	36.390	6.037	4.087	1612.054	-1.379
0.538	48.457	36.396	6.045	4.071	1619.365	-1.379
0.540	48.451	36.396	6.053	4.079	1619.365	-1.379
0.541	48.445	36.396	6.053	4.071	1614.491	-1.385
0.543	48.451	36.420	6.053	4.071	1618.146	-1.378
0.544	48.445	36.396	6.069	4.079	1612.054	-1.381
0.546	48.457	36.414	6.078	4.071	1615.709	-1.379
0.547	48.438	36.396	6.053	4.071	1610.835	-1.382
0.549	48.445	36.414	6.069	4.079	1604.743	-1.384
0.550	48.451	36.402	6.069	4.071	1599.869	-1.382
0.552	48.451	36.426	6.078	4.071	1598.651	-1.382
0.553	48.445	36.414	6.078	4.079	1598.651	-1.383
0.555	48.451	36.438	6.086	4.079	1601.088	-1.385
0.556	48.445	36.408	6.086	4.079	1613.272	-1.379
0.558	48.445	36.426	6.094	4.071	1609.617	-1.385
0.559	48.438	36.420	6.102	4.079	1613.272	-1.385
0.561	48.445	36.457	6.102	4.071	1612.054	-1.383
0.562	48.445	36.426	6.102	4.079	1607.180	-1.387
0.564	48.445	36.463	6.110	4.079	1608.398	-1.383
0.565	48.438	36.426	6.102	4.079	1608.398	-1.381
0.567	48.438	36.469	6.119	4.079	1598.651	-1.383
0.568	48.438	36.426	6.119	4.071	1603.525	-1.384
0.570	48.426	36.469	6.119	4.079	1603.525	-1.382
0.571	48.432	36.445	6.127	4.079	1604.743	-1.384
0.573	48.432	36.469	6.119	4.079	1615.709	-1.379
0.574	48.438	36.438	6.143	4.079	1616.928	-1.382
0.576	48.426	36.487	6.143	4.071	1616.928	-1.384
0.577	48.414	36.445	6.143	4.087	1621.802	-1.379
0.579	48.426	36.475	6.143	4.079	1613.272	-1.382
0.580	48.420	36.445	6.127	4.087	1608.398	-1.384
