Time (ms)	Ch1 V	Ch2 V	Ch1 A	Ch2 A	RPM	Torque
0.000	38.947	3.026	1.614	0.336	153.529	-0.420
0.001	48.396	3.014	1.646	0.352	155.966	-0.432
0.003	49.528	3.014	1.687	0.336	159.621	-0.428
0.004	49.656	3.020	1.736	0.344	155.966	-0.425
0.006	49.662	3.014	1.761	0.344	152.310	-0.430
0.007	49.656	3.014	1.818	0.344	155.966	-0.431
0.009	44.152	3.050	1.818	0.328	135.252	-0.447
0.010	5.339	3.008	1.827	0.344	154.747	-0.426
0.012	0.499	3.020	1.818	0.352	157.184	-0.428
0.013	-0.116	3.026	1.802	0.336	162.058	-0.425
0.015	-0.201	3.020	1.786	0.336	158.403	-0.425
0.016	-0.207	3.026	1.786	0.352	157.184	-0.425
0.018	-0.213	3.026	1.777	0.344	158.403	-0.426
0.019	-0.225	3.020	1.769	0.344	157.184	-0.422
0.021	-0.219	3.026	1.769	0.352	157.184	-0.428
0.022	-0.219	3.020	1.769	0.344	155.966	-0.424
0.024	-0.213	3.008	1.753	0.336	154.747	-0.425
0.025	-0.207	3.008	1.761	0.344	152.310	-0.428
0.027	-0.207	3.026	1.753	0.344	154.747	-0.426
0.028	-0.207	3.026	1.745	0.352	153.529	-0.425
0.030	-0.213	3.032	1.736	0.336	151.092	-0.425
0.031	-0.201	3.020	1.728	0.352	154.747	-0.425
0.033	-0.207	3.020	1.728	0.344	158.403	-0.421
0.034	-0.201	3.026	1.720	0.344	148.655	-0.427
0.036	-0.207	3.020	1.720	0.344	154.747	-0.432
0.037	-0.201	3.014	1.712	0.344	157.184	-0.420
0.039	-0.201	3.014	1.720	0.352	148.655	-0.428
0.040	-0.195	3.014	1.704	0.344	148.655	-0.431
0.042	-0.189	3.020	1.704	0.344	153.529	-0.427
0.043	-0.189	3.020	1.704	0.336	152.310	-0.426
0.045	-0.201	3.014	1.696	0.344	149.873	-0.428
0.046	-0.201	3.026	1.696	0.344	152.310	-0.427
0.048	-0.207	3.020	1.696	0.344	154.747	-0.425
0.049	-0.195	3.020	1.687	0.344	148.655	-0.431
0.051	-0.195	3.020	1.687	0.344	154.747	-0.425
0.052	-0.195	3.026	1.679	0.344	152.310	-0.425
0.054	-0.195	3.020	1.679	0.352	138.907	-0.439
0.055	-0.195	3.020	1.671	0.336	148.655	-0.430
0.057	-0.195	3.020	1.663	0.352	148.655	-0.426
0.058	-0.195	3.020	1.671	0.344	148.655	-0.426
0.060	-0.201	3.014	1.671	0.352	152.310	-0.427
0.061	-0.189	3.020	1.646	0.352	151.092	-0.421
0.063	-0.195	3.026	1.663	0.344	149.873	-0.424
0.064	-0.189	3.020	1.646	0.344	147.437	-0.430
0.066	-0.201	3.020	1.655	0.336	155.966	-0.420
0.067	-0.189	3.026	1.646	0.344	145.000	-0.425
0.069	-0.189	3.026	1.638	0.352	143.781	-0.430
0.070	-0.189	3.026	1.630	0.344	149.873	-0.424
0.072	-0.195	3.026	1.630	0.352	148.655	-0.424
0.073	-0.189	3.020	1.646	0.344	145.000	-0.425
0.075	-0.201	3.026	1.630	0.344	149.873	-0.424
0.076	-0.201	3.008	1.622	0.344	149.873	-0.419
0.078	-0.189	3.032	1.614	0.344	145.000	-0.427
0.079	-0.183	3.026	1.622	0.344	145.000	-0.426
0.081	-0.195	3.014	1.614	0.352	149.873	-0.424
0.082	-0.189	3.020	1.614	0.344	141.344	-0.425
0.084	-0.189	3.014	1.597	0.344	143.781	-0.427
0.085	-0.189	3.020	1.597	0.344	146.218	-0.425
0.087	-0.183	3.026	1.597	0.352	151.092	-0.420
0.088	-0.195	3.026	1.614	0.352	146.218	-0.422
0.090	-0.189	3.026	1.597	0.352	146.218	-0.422
0.091	-0.189	3.020	1.597	0.352	145.000	-0.422
0.093	-0.183	3.032	1.589	0.336	142.563	-0.431
0.094	-0.183	3.026	1.581	0.344	148.655	-0.421
0.096	-0.183	3.020	1.581	0.352	141.344	-0.424
0.097	-0.189	3.020	1.589	0.328	141.344	-0.427
0.099	4.950	2.989	1.589	0.352	173.025	-0.403
0.100	43.939	3.026	1.638	0.336	146.218	-0.420
0.102	48.999	3.014	1.663	0.352	145.000	-0.421
0.103	49.601	3.014	1.704	0.352	143.781	-0.425
0.105	49.644	3.014	1.753	0.344	148.655	-0.421
0.106	49.656	3.008	1.786	0.344	136.470	-0.427
0.108	49.650	3.014	1.810	0.352	143.781	-0.426
0.109	25.869	2.995	1.777	0.352	205.924	-0.389
0.111	3.099	3.014	1.810	0.336	147.437	-0.419
0.112	0.219	3.014	1.802	0.344	137.689	-0.427
0.114	-0.158	3.020	1.802	0.336	141.344	-0.425
0.115	-0.207	3.014	1.794	0.360	143.781	-0.422
0.117	-0.225	3.020	1.786	0.344	137.689	-0.426
0.118	-0.225	3.020	1.786	0.336	137.689	-0.426
0.120	-0.213	3.020	1.769	0.336	142.563	-0.420
0.121	-0.213	3.014	1.769	0.352	136.470	-0.425
0.123	-0.213	3.014	1.769	0.352	146.218	-0.420
0.124	-0.213	3.014	1.761	0.352	142.563	-0.417
0.126	-0.213	3.020	1.745	0.344	142.563	-0.421
0.127	-0.201	3.020	1.753	0.344	143.781	-0.422
0.129	-0.213	3.020	1.745	0.360	140.126	-0.422
0.130	-0.201	3.020	1.736	0.344	138.907	-0.422
0.132	-0.201	3.014	1.736	0.352	143.781	-0.422
0.133	-0.201	3.020	1.736	0.344	138.907	-0.420
0.135	-0.207	3.020	1.720	0.336	137.689	-0.425
0.136	-0.201	3.020	1.712	0.344	140.126	-0.426
0.138	-0.207	3.020	1.712	0.344	141.344	-0.417
0.139	-0.201	3.020	1.712	0.344	134.033	-0.422
0.141	-0.207	3.020	1.712	0.352	137.689	-0.425
0.142	-0.213	3.008	1.704	0.344	140.126	-0.422
0.144	-0.213	3.026	1.704	0.344	141.344	-0.420
0.145	-0.201	3.014	1.704	0.336	135.252	-0.424
0.147	-0.201	3.026	1.687	0.352	140.126	-0.425
0.148	-0.201	3.020	1.687	0.352	136.470	-0.420
0.150	-0.207	3.020	1.687	0.344	129.159	-0.431
0.151	-0.189	3.020	1.679	0.352	140.126	-0.426
0.153	-0.195	3.014	1.679	0.344	143.781	-0.419
0.154	-0.201	3.026	1.679	0.336	147.437	-0.426
0.156	-0.195	3.014	1.679	0.344	157.184	-0.424
0.157	-0.201	3.020	1.671	0.344	160.840	-0.424
0.159	-0.189	3.020	1.655	0.344	170.588	-0.422
0.160	-0.189	3.014	1.663	0.344	166.932	-0.424
0.162	-0.201	3.014	1.646	0.344	166.932	-0.421
0.163	-0.201	3.014	1.655	0.344	163.277	-0.425
0.165	-0.189	3.020	1.671	0.344	165.714	-0.425
0.166	-0.189	3.020	1.638	0.336	173.025	-0.416
0.168	-0.189	3.014	1.638	0.336	163.277	-0.420
0.169	-0.201	3.014	1.646	0.336	163.277	-0.420
0.171	-0.195	3.020	1.638	0.344	168.151	-0.420
0.172	-0.189	3.008	1.638	0.344	163.277	-0.420
0.174	-0.195	3.014	1.630	0.336	163.277	-0.422
0.175	-0.189	3.014	1.622	0.344	163.277	-0.424
0.177	-0.195	3.014	1.622	0.352	165.714	-0.414
0.178	-0.195	3.020	1.614	0.336	158.403	-0.425
0.180	-0.189	3.020	1.630	0.344	168.151	-0.421
0.181	-0.201	3.014	1.622	0.352	169.369	-0.419
0.183	-0.177	3.014	1.614	0.344	159.621	-0.420
0.184	-0.183	3.020	1.614	0.344	159.621	-0.425
0.186	-0.195	3.026	1.597	0.352	163.277	-0.424
0.187	-0.189	3.020	1.605	0.344	158.403	-0.425
0.189	-0.189	3.014	1.589	0.336	160.840	-0.425
0.190	-0.189	3.020	1.589	0.344	162.058	-0.421
0.192	-0.189	3.020	1.589	0.344	160.840	-0.419
0.193	-0.183	3.020	1.581	0.336	157.184	-0.427
0.195	-0.183	3.026	1.581	0.328	164.495	-0.420
0.196	-0.189	3.014	1.589	0.344	157.184	-0.425
0.198	-0.183	3.020	1.589	0.344	158.403	-0.424
0.199	22.490	3.038	1.614	0.336	112.100	-0.465
0.201	46.295	3.032	1.646	0.344	154.747	-0.428
0.202	49.273	3.002	1.679	0.344	158.403	-0.425
0.204	49.607	3.014	1.720	0.352	160.840	-0.421
0.205	49.650	3.014	1.761	0.344	157.184	-0.420
0.207	49.656	3.020	1.794	0.336	152.310	-0.425
0.208	49.638	3.020	1.827	0.344	159.621	-0.424
0.210	13.954	2.989	1.827	0.336	165.714	-0.397
0.211	1.577	3.014	1.818	0.352	151.092	-0.424
0.213	0.018	3.020	1.802	0.344	158.403	-0.422
0.214	-0.177	3.026	1.802	0.336	162.058	-0.417
0.216	-0.219	3.026	1.802	0.344	159.621	-0.420
0.217	-0.213	3.026	1.786	0.344	154.747	-0.426
0.219	-0.219	3.020	1.786	0.344	158.403	-0.421
0.220	-0.207	3.026	1.769	0.352	155.966	-0.417
0.222	-0.219	3.020	1.769	0.344	153.529	-0.426
0.223	-0.213	3.014	1.761	0.352	159.621	-0.421
0.225	-0.213	3.020	1.753	0.344	154.747	-0.421
0.226	-0.207	3.014	1.753	0.344	152.310	-0.422
0.228	-0.195	3.020	1.736	0.352	157.184	-0.421
0.229	-0.213	3.020	1.736	0.352	153.529	-0.422
0.231	-0.207	3.026	1.736	0.352	154.747	-0.420
0.232	-0.207	3.014	1.736	0.344	154.747	-0.422
0.234	-0.201	3.020	1.728	0.344	159.621	-0.415
0.235	-0.207	3.020	1.728	0.344	152.310	-0.425
0.237	-0.201	3.014	1.720	0.344	155.966	-0.425
0.238	-0.213	3.014	1.720	0.336	158.403	-0.417
0.240	-0.207	3.020	1.712	0.336	149.873	-0.425
0.241	-0.201	3.008	1.712	0.344	152.310	-0.425
0.243	-0.201	3.014	1.704	0.344	152.310	-0.420
0.244	-0.195	3.020	1.696	0.344	151.092	-0.422
0.246	-0.201	3.014	1.679	0.344	151.092	-0.422
0.247	-0.201	3.014	1.696	0.344	152.310	-0.422
0.249	-0.201	3.026	1.696	0.336	151.092	-0.419
0.250	-0.189	3.014	1.679	0.344	147.437	-0.427
0.252	-0.201	3.014	1.679	0.352	151.092	-0.426
0.253	-0.201	3.020	1.679	0.344	157.184	-0.419
0.255	-0.201	3.020	1.679	0.352	147.437	-0.424
0.256	-0.189	3.020	1.663	0.344	146.218	-0.427
0.258	-0.195	3.020	1.679	0.344	151.092	-0.424
0.259	-0.195	3.020	1.663	0.344	147.437	-0.421
0.261	-0.195	3.014	1.663	0.344	151.092	-0.426
0.262	-0.195	3.020	1.655	0.352	151.092	-0.422
0.264	-0.189	3.020	1.646	0.352	148.655	-0.421
0.265	-0.195	3.026	1.655	0.319	147.437	-0.426
0.267	-0.195	3.020	1.646	0.352	155.966	-0.420
0.268	-0.195	3.020	1.638	0.344	146.218	-0.425
0.270	-0.195	3.026	1.638	0.344	148.655	-0.426
0.271	-0.183	3.026	1.646	0.344	148.655	-0.422
0.273	-0.189	3.020	1.630	0.344	148.655	-0.424
0.274	-0.195	3.020	1.622	0.344	149.873	-0.426
0.276	-0.195	3.014	1.630	0.352	151.092	-0.421
0.277	-0.189	3.014	1.614	0.344	153.529	-0.419
0.279	-0.195	3.020	1.614	0.336	146.218	-0.426
0.280	-0.189	3.020	1.614	0.352	153.529	-0.425
0.282	-0.195	3.020	1.605	0.336	147.437	-0.421
0.283	-0.183	3.020	1.622	0.336	143.781	-0.428
0.285	-0.183	3.026	1.614	0.352	148.655	-0.426
0.286	-0.183	3.014	1.597	0.328	146.218	-0.424
0.288	-0.183	3.020	1.597	0.352	145.000	-0.424
0.289	-0.189	3.026	1.589	0.344	145.000	-0.426
0.291	-0.189	3.026	1.581	0.336	147.437	-0.424
0.292	-0.177	3.020	1.589	0.344	146.218	-0.424
0.294	-0.189	3.026	1.589	0.352	138.907	-0.432
0.295	-0.189	3.014	1.589	0.344	148.655	-0.425
0.297	-0.183	3.026	1.581	0.336	145.000	-0.424
0.298	-0.189	3.032	1.581	0.344	140.126	-0.431
0.300	34.922	3.032	1.605	0.336	141.344	-0.441
0.301	47.891	3.020	1.646	0.344	152.310	-0.421
0.303	49.473	3.020	1.687	0.344	143.781	-0.422
0.304	49.638	3.020	1.736	0.344	141.344	-0.428
0.306	49.650	3.014	1.769	0.360	147.437	-0.422
0.307	49.656	3.020	1.802	0.352	141.344	-0.428
0.309	49.638	3.020	1.835	0.344	143.781	-0.422
0.310	7.428	3.014	1.827	0.352	142.563	-0.421
0.312	0.767	3.026	1.810	0.336	142.563	-0.427
0.313	-0.091	3.026	1.818	0.328	141.344	-0.427
0.315	-0.195	3.026	1.794	0.352	147.437	-0.421
0.316	-0.213	3.026	1.794	0.352	142.563	-0.425
0.318	-0.213	3.032	1.777	0.336	141.344	-0.428
0.319	-0.213	3.020	1.777	0.344	142.563	-0.425
0.321	-0.219	3.026	1.769	0.344	138.907	-0.422
0.322	-0.213	3.020	1.769	0.344	140.126	-0.430
0.324	-0.213	3.020	1.761	0.336	148.655	-0.421
0.325	-0.213	3.026	1.753	0.352	140.126	-0.421
0.327	-0.213	3.020	1.761	0.344	137.689	-0.422
0.328	-0.201	3.026	1.745	0.344	142.563	-0.426
0.330	-0.201	3.020	1.736	0.344	141.344	-0.424
0.331	-0.207	3.014	1.728	0.344	140.126	-0.424
0.333	-0.201	3.014	1.712	0.344	136.470	-0.427
0.334	-0.207	3.020	1.736	0.352	142.563	-0.425
0.336	-0.207	3.026	1.728	0.360	138.907	-0.426
0.337	-0.207	3.026	1.720	0.344	137.689	-0.430
0.339	-0.195	3.020	1.720	0.352	140.126	-0.422
0.340	-0.207	3.032	1.712	0.336	136.470	-0.426
0.342	-0.201	3.014	1.704	0.344	138.907	-0.426
0.343	-0.201	3.032	1.696	0.344	136.470	-0.426
0.345	-0.201	3.026	1.704	0.344	138.907	-0.421
0.346	-0.207	3.014	1.679	0.344	138.907	-0.426
0.348	-0.201	3.020	1.696	0.344	137.689	-0.424
0.349	-0.207	3.038	1.687	0.344	140.126	-0.425
0.351	-0.189	3.032	1.679	0.336	130.378	-0.431
0.352	-0.201	3.032	1.679	0.344	138.907	-0.426
0.354	-0.195	3.020	1.679	0.352	136.470	-0.420
0.355	-0.195	3.026	1.663	0.360	131.596	-0.430
0.357	-0.201	3.014	1.663	0.352	138.907	-0.424
0.358	-0.195	3.020	1.679	0.344	137.689	-0.422
0.360	-0.201	3.014	1.663	0.344	132.815	-0.425
0.361	-0.201	3.020	1.655	0.352	140.126	-0.428
0.363	-0.189	3.032	1.646	0.344	148.655	-0.424
0.364	-0.183	3.026	1.646	0.336	152.310	-0.427
0.366	-0.189	3.014	1.646	0.352	158.403	-0.430
0.367	-0.195	3.020	1.646	0.344	173.025	-0.422
0.369	-0.195	3.014	1.638	0.352	165.714	-0.424
0.370	-0.189	3.020	1.630	0.352	164.495	-0.426
0.372	-0.195	3.020	1.638	0.344	164.495	-0.425
0.373	-0.189	3.026	1.630	0.360	163.277	-0.426
0.375	-0.195	3.026	1.630	0.352	159.621	-0.425
0.376	-0.189	3.020	1.630	0.336	163.277	-0.428
0.378	-0.201	3.014	1.630	0.344	164.495	-0.422
0.379	-0.189	3.026	1.622	0.344	163.277	-0.430
0.381	-0.183	3.014	1.614	0.344	165.714	-0.424
0.382	-0.189	3.020	1.605	0.360	163.277	-0.420
0.384	-0.189	3.014	1.605	0.344	162.058	-0.427
0.385	-0.195	3.026	1.589	0.336	163.277	-0.427
0.387	-0.183	3.014	1.614	0.344	159.621	-0.424
0.388	-0.189	3.020	1.605	0.360	162.058	-0.426
0.390	-0.177	3.020	1.589	0.336	158.403	-0.427
0.391	-0.183	3.026	1.589	0.344	163.277	-0.424
0.393	-0.183	3.026	1.589	0.336	155.966	-0.425
0.394	-0.177	3.026	1.589	0.352	153.529	-0.435
0.396	-0.189	3.020	1.589	0.344	163.277	-0.420
0.397	-0.183	3.026	1.581	0.344	154.747	-0.425
0.399	-0.359	3.020	1.581	0.352	151.092	-0.432
0.400	41.754	3.026	1.630	0.344	162.058	-0.420
0.402	48.725	3.020	1.655	0.344	157.184	-0.426
0.403	49.565	3.020	1.696	0.344	157.184	-0.430
0.405	49.650	3.020	1.736	0.344	153.529	-0.428
0.406	49.656	3.014	1.769	0.344	158.403	-0.426
0.408	49.650	3.008	1.810	0.344	148.655	-0.432
0.409	36.201	3.008	1.786	0.328	121.848	-0.435
0.411	4.323	3.026	1.810	0.344	149.873	-0.427
0.412	0.371	3.026	1.802	0.328	149.873	-0.428
0.414	-0.140	3.032	1.802	0.344	159.621	-0.424
0.415	-0.201	3.020	1.794	0.352	160.840	-0.421
0.417	-0.213	3.020	1.794	0.336	154.747	-0.425
0.418	-0.219	3.032	1.769	0.344	159.621	-0.424
0.420	-0.213	3.020	1.777	0.352	155.966	-0.424
0.421	-0.207	3.032	1.777	0.344	155.966	-0.422
0.423	-0.213	3.026	1.761	0.352	151.092	-0.428
0.424	-0.219	3.032	1.753	0.344	162.058	-0.420
0.426	-0.213	3.014	1.745	0.344	149.873	-0.425
0.427	-0.207	3.032	1.745	0.344	148.655	-0.430
0.429	-0.213	3.038	1.753	0.352	157.184	-0.426
0.430	-0.213	3.032	1.753	0.336	154.747	-0.424
0.432	-0.207	3.020	1.736	0.344	149.873	-0.425
0.433	-0.201	3.026	1.728	0.352	155.966	-0.424
0.435	-0.201	3.026	1.720	0.352	157.184	-0.420
0.436	-0.201	3.026	1.720	0.344	149.873	-0.425
0.438	-0.207	3.032	1.720	0.352	152.310	-0.431
0.439	-0.207	3.032	1.704	0.344	157.184	-0.420
0.441	-0.201	3.038	1.712	0.344	151.092	-0.425
0.442	-0.207	3.044	1.704	0.344	149.873	-0.430
0.444	-0.207	3.026	1.704	0.352	147.437	-0.427
0.445	-0.201	3.026	1.704	0.344	152.310	-0.425
0.447	-0.201	3.032	1.687	0.352	147.437	-0.425
0.448	-0.195	3.026	1.696	0.336	149.873	-0.425
0.450	-0.201	3.026	1.696	0.344	153.529	-0.415
0.451	-0.201	3.032	1.679	0.352	147.437	-0.430
0.453	-0.201	3.032	1.679	0.344	152.310	-0.424
0.454	-0.201	3.026	1.663	0.344	149.873	-0.422
0.456	-0.195	3.026	1.663	0.344	147.437	-0.427
0.457	-0.195	3.026	1.663	0.352	149.873	-0.426
0.459	-0.207	3.032	1.663	0.352	147.437	-0.424
0.460	-0.195	3.026	1.671	0.344	149.873	-0.426
0.462	-0.201	3.026	1.655	0.352	148.655	-0.426
0.463	-0.201	3.038	1.638	0.344	152.310	-0.420
0.465	-0.195	3.026	1.646	0.352	145.000	-0.424
0.466	-0.183	3.032	1.646	0.352	147.437	-0.426
0.468	-0.195	3.026	1.638	0.344	154.747	-0.419
0.469	-0.189	3.032	1.638	0.352	143.781	-0.426
0.471	-0.201	3.032	1.638	0.352	141.344	-0.428
0.472	-0.189	3.032	1.638	0.352	151.092	-0.424
0.474	-0.195	3.032	1.622	0.352	146.218	-0.422
0.475	-0.189	3.032	1.646	0.344	148.655	-0.421
0.477	-0.183	3.026	1.614	0.336	146.218	-0.424
0.478	-0.195	3.032	1.622	0.352	152.310	-0.416
0.480	-0.189	3.020	1.614	0.352	145.000	-0.425
0.481	-0.189	3.026	1.614	0.336	148.655	-0.424
0.483	-0.189	3.026	1.614	0.344	145.000	-0.424
0.484	-0.189	3.032	1.597	0.352	145.000	-0.426
0.486	-0.189	3.032	1.614	0.360	145.000	-0.425
0.487	-0.183	3.032	1.597	0.344	146.218	-0.422
0.489	-0.189	3.026	1.597	0.360	145.000	-0.421
0.490	-0.183	3.026	1.597	0.336	148.655	-0.419
0.492	-0.195	3.032	1.589	0.352	146.218	-0.422
0.493	-0.189	3.032	1.589	0.360	142.563	-0.422
0.495	-0.183	3.038	1.581	0.336	145.000	-0.432
0.496	-0.189	3.026	1.581	0.344	148.655	-0.419
0.498	-0.189	3.032	1.573	0.352	137.689	-0.422
0.499	15.215	3.044	1.605	0.344	140.126	-0.458
0.501	45.425	3.038	1.638	0.352	147.437	-0.426
0.502	49.187	3.026	1.671	0.352	149.873	-0.419
0.504	49.626	3.032	1.704	0.344	140.126	-0.424
0.505	49.668	3.032	1.745	0.360	141.344	-0.424
0.507	49.656	3.020	1.786	0.352	145.000	-0.420
0.508	49.656	3.032	1.810	0.344	136.470	-0.427
0.510	19.142	3.014	1.794	0.344	113.319	-0.490
0.511	2.247	3.026	1.827	0.369	145.000	-0.426
0.513	0.097	3.032	1.818	0.352	140.126	-0.424
0.514	-0.177	3.038	1.802	0.344	137.689	-0.426
0.516	-0.207	3.044	1.802	0.344	138.907	-0.424
0.517	-0.225	3.038	1.794	0.344	142.563	-0.425
0.519	-0.207	3.044	1.786	0.352	137.689	-0.424
0.520	-0.207	3.038	1.777	0.352	137.689	-0.424
0.522	-0.213	3.038	1.769	0.344	136.470	-0.424
0.523	-0.213	3.038	1.769	0.360	137.689	-0.427
0.525	-0.219	3.044	1.769	0.336	146.218	-0.419
0.526	-0.201	3.032	1.753	0.352	140.126	-0.416
0.528	-0.213	3.044	1.753	0.352	140.126	-0.424
0.529	-0.207	3.038	1.745	0.352	145.000	-0.421
0.531	-0.201	3.038	1.745	0.344	138.907	-0.422
0.532	-0.207	3.044	1.745	0.352	138.907	-0.425
0.534	-0.207	3.038	1.728	0.360	140.126	-0.424
0.535	-0.207	3.032	1.728	0.352	142.563	-0.417
0.537	-0.207	3.038	1.728	0.336	134.033	-0.424
0.538	-0.195	3.050	1.728	0.344	136.470	-0.428
0.540	-0.213	3.038	1.720	0.344	138.907	-0.421
0.541	-0.201	3.044	1.704	0.352	132.815	-0.424
0.543	-0.201	3.044	1.696	0.336	132.815	-0.426
0.544	-0.207	3.044	1.704	0.352	138.907	-0.425
0.546	-0.201	3.038	1.687	0.336	138.907	-0.417
0.547	-0.195	3.044	1.704	0.352	141.344	-0.421
0.549	-0.207	3.050	1.696	0.352	142.563	-0.421
0.550	-0.195	3.050	1.687	0.352	148.655	-0.422
0.552	-0.195	3.044	1.687	0.360	152.310	-0.428
0.553	-0.195	3.044	1.679	0.344	165.714	-0.425
0.555	-0.195	3.044	1.679	0.344	164.495	-0.422
0.556	-0.195	3.050	1.663	0.344	168.151	-0.425
0.558	-0.195	3.044	1.671	0.344	169.369	-0.422
0.559	-0.195	3.044	1.663	0.352	169.369	-0.420
0.561	-0.195	3.044	1.655	0.352	163.277	-0.422
0.562	-0.207	3.044	1.655	0.344	163.277	-0.425
0.564	-0.189	3.032	1.663	0.360	166.932	-0.419
0.565	-0.189	3.050	1.646	0.352	162.058	-0.422
0.567	-0.195	3.044	1.646	0.344	164.495	-0.426
0.568	-0.195	3.050	1.638	0.344	171.806	-0.416
0.570	-0.189	3.050	1.646	0.352	159.621	-0.421
0.571	-0.189	3.044	1.638	0.344	162.058	-0.424
0.573	-0.195	3.050	1.646	0.352	163.277	-0.422
0.574	-0.189	3.038	1.630	0.344	166.932	-0.422
0.576	-0.189	3.044	1.614	0.344	162.058	-0.421
0.577	-0.195	3.044	1.630	0.344	163.277	-0.422
0.579	-0.189	3.044	1.622	0.352	168.151	-0.416
0.580	-0.189	3.050	1.614	0.344	160.840	-0.425
