Time (ms)	Ch1 V	Ch2 V	Ch1 A	Ch2 A	RPM	Torque
0.000	27.215	28.304	4.816	3.203	1297.685	-1.128
0.001	46.137	28.280	4.792	3.203	1250.164	-1.155
0.003	48.524	28.256	4.808	3.186	1253.820	-1.158
0.004	48.822	28.262	4.833	3.194	1246.509	-1.160
0.006	48.846	28.262	4.849	3.203	1252.601	-1.156
0.007	48.852	28.262	4.857	3.203	1258.694	-1.156
0.009	48.840	28.256	4.882	3.194	1261.131	-1.158
0.010	48.846	28.262	4.890	3.203	1272.097	-1.154
0.012	48.846	28.274	4.906	3.203	1262.349	-1.160
0.013	48.846	28.274	4.915	3.203	1259.912	-1.160
0.015	48.840	28.262	4.939	3.194	1272.097	-1.151
0.016	48.840	28.286	4.947	3.186	1257.475	-1.156
0.018	48.840	28.286	4.956	3.194	1253.820	-1.160
0.019	48.834	28.298	4.980	3.203	1256.257	-1.157
0.021	48.828	28.274	4.980	3.194	1255.038	-1.156
0.022	48.828	28.286	4.988	3.203	1245.290	-1.162
0.024	48.834	28.274	5.005	3.194	1255.038	-1.154
0.025	48.822	28.292	5.021	3.186	1244.072	-1.156
0.027	48.822	28.274	5.021	3.203	1236.761	-1.160
0.028	48.828	28.304	5.021	3.203	1242.853	-1.156
0.030	48.822	28.268	5.054	3.194	1242.853	-1.157
0.031	48.822	28.298	5.062	3.194	1247.727	-1.158
0.033	48.822	28.274	5.062	3.186	1256.257	-1.157
0.034	48.816	28.304	5.087	3.194	1261.131	-1.154
0.036	48.816	28.280	5.095	3.194	1253.820	-1.166
0.037	48.798	28.304	5.095	3.203	1266.005	-1.154
0.039	48.798	28.274	5.111	3.211	1259.912	-1.156
0.040	48.792	28.298	5.128	3.194	1256.257	-1.157
0.042	48.804	28.268	5.111	3.194	1252.601	-1.157
0.043	48.792	28.304	5.128	3.194	1251.383	-1.160
0.045	48.792	28.280	5.152	3.186	1247.727	-1.158
0.046	48.798	28.311	5.160	3.194	1252.601	-1.154
0.048	48.792	28.280	5.168	3.203	1247.727	-1.157
0.049	48.785	28.311	5.160	3.194	1244.072	-1.162
0.051	48.767	28.274	5.185	3.194	1257.475	-1.154
0.052	48.773	28.317	5.201	3.203	1257.475	-1.156
0.054	48.779	28.286	5.201	3.194	1257.475	-1.157
0.055	48.773	28.317	5.201	3.194	1266.005	-1.156
0.057	48.767	28.280	5.209	3.194	1266.005	-1.156
0.058	48.767	28.323	5.234	3.203	1267.223	-1.155
0.060	48.749	28.298	5.242	3.194	1261.131	-1.158
0.061	48.755	28.317	5.234	3.203	1262.349	-1.156
0.063	48.755	28.286	5.259	3.211	1253.820	-1.160
0.064	48.743	28.323	5.267	3.194	1261.131	-1.152
0.066	48.749	28.298	5.259	3.194	1256.257	-1.155
0.067	48.743	28.323	5.267	3.203	1251.383	-1.158
0.069	48.731	28.304	5.283	3.203	1253.820	-1.156
0.070	13.613	28.304	5.259	3.211	1242.853	-1.144
0.072	1.242	28.304	5.226	3.203	1240.416	-1.160
0.073	-0.335	28.341	5.193	3.203	1242.853	-1.158
0.075	-0.548	28.304	5.160	3.211	1252.601	-1.152
0.076	-0.591	28.323	5.136	3.194	1246.509	-1.158
0.078	-0.591	28.304	5.111	3.186	1257.475	-1.152
0.079	-0.597	28.329	5.078	3.186	1258.694	-1.156
0.081	-0.591	28.311	5.046	3.194	1262.349	-1.156
0.082	-0.584	28.335	5.021	3.203	1261.131	-1.156
0.084	-0.584	28.317	4.996	3.203	1247.727	-1.168
0.085	-0.572	28.341	4.964	3.194	1251.383	-1.161
0.087	-0.572	28.317	4.947	3.194	1256.257	-1.156
0.088	-0.578	28.341	4.923	3.203	1258.694	-1.152
0.090	-0.578	28.317	4.890	3.194	1248.946	-1.160
0.091	-0.578	28.347	4.882	3.203	1248.946	-1.156
0.093	-0.560	28.323	4.841	3.186	1250.164	-1.154
0.094	-0.560	28.341	4.816	3.203	1245.290	-1.158
0.096	-0.560	28.329	4.808	3.194	1244.072	-1.156
0.097	-0.554	28.335	4.775	3.194	1251.383	-1.155
0.099	-0.615	28.323	4.759	3.194	1252.601	-1.157
0.100	37.047	28.353	4.759	3.203	1245.290	-1.157
0.102	47.403	28.341	4.792	3.211	1268.441	-1.154
0.103	48.694	28.335	4.800	3.203	1264.786	-1.156
0.105	48.840	28.341	4.824	3.203	1263.568	-1.157
0.106	48.852	28.329	4.833	3.203	1262.349	-1.154
0.108	48.859	28.341	4.857	3.194	1252.601	-1.161
0.109	48.859	28.341	4.874	3.203	1256.257	-1.157
0.111	48.859	28.341	4.898	3.194	1253.820	-1.157
0.112	48.852	28.341	4.890	3.203	1251.383	-1.155
0.114	48.852	28.347	4.898	3.194	1250.164	-1.156
0.115	48.852	28.341	4.931	3.211	1253.820	-1.151
0.117	48.846	28.347	4.939	3.194	1244.072	-1.156
0.118	48.846	28.347	4.947	3.194	1251.383	-1.152
0.120	48.840	28.353	4.956	3.203	1248.946	-1.151
0.121	48.846	28.347	4.972	3.203	1245.290	-1.156
0.123	48.840	28.371	4.972	3.203	1248.946	-1.157
0.124	48.828	28.353	4.996	3.203	1258.694	-1.155
0.126	48.822	28.371	4.996	3.194	1262.349	-1.155
0.127	48.828	28.353	5.021	3.194	1263.568	-1.156
0.129	48.822	28.353	5.037	3.203	1264.786	-1.152
0.130	48.822	28.365	5.037	3.203	1251.383	-1.161
0.132	48.810	28.378	5.054	3.203	1259.912	-1.154
0.133	48.804	28.347	5.054	3.194	1259.912	-1.152
0.135	48.810	28.365	5.054	3.203	1252.601	-1.157
0.136	48.804	28.353	5.087	3.194	1251.383	-1.156
0.138	48.804	28.384	5.095	3.203	1251.383	-1.155
0.139	48.798	28.347	5.095	3.178	1246.509	-1.155
0.141	48.792	28.378	5.111	3.194	1248.946	-1.158
0.142	48.798	28.353	5.119	3.211	1250.164	-1.156
0.144	48.779	28.384	5.119	3.194	1252.601	-1.156
0.145	48.785	28.365	5.144	3.203	1251.383	-1.162
0.147	48.773	28.396	5.152	3.194	1267.223	-1.152
0.148	48.773	28.353	5.160	3.194	1262.349	-1.158
0.150	48.773	28.384	5.160	3.194	1262.349	-1.158
0.151	48.773	28.365	5.177	3.203	1261.131	-1.156
0.153	48.761	28.402	5.185	3.194	1255.038	-1.156
0.154	48.767	28.378	5.185	3.203	1258.694	-1.156
0.156	48.755	28.396	5.201	3.203	1262.349	-1.151
0.157	48.761	28.365	5.218	3.186	1252.601	-1.156
0.159	48.761	28.402	5.218	3.194	1248.946	-1.163
0.160	48.743	28.378	5.226	3.194	1255.038	-1.155
0.162	48.755	28.402	5.242	3.203	1248.946	-1.156
0.163	48.749	28.378	5.242	3.194	1244.072	-1.157
0.165	48.755	28.408	5.259	3.186	1237.979	-1.156
0.166	48.749	28.390	5.259	3.194	1242.853	-1.156
0.168	48.755	28.420	5.283	3.194	1247.727	-1.156
0.169	48.755	28.390	5.300	3.194	1253.820	-1.156
0.171	7.154	28.420	5.242	3.186	1237.979	-1.152
0.172	0.414	28.396	5.226	3.203	1258.694	-1.161
0.174	-0.457	28.414	5.185	3.211	1264.786	-1.152
0.175	-0.566	28.390	5.144	3.203	1256.257	-1.157
0.177	-0.584	28.414	5.119	3.203	1252.601	-1.161
0.178	-0.591	28.390	5.095	3.194	1253.820	-1.158
0.180	-0.584	28.420	5.062	3.194	1253.820	-1.157
0.181	-0.584	28.384	5.021	3.194	1253.820	-1.156
0.183	-0.584	28.420	5.005	3.203	1247.727	-1.158
0.184	-0.578	28.390	4.980	3.203	1247.727	-1.155
0.186	-0.578	28.414	4.956	3.186	1240.416	-1.162
0.187	-0.578	28.384	4.931	3.194	1252.601	-1.151
0.189	-0.578	28.420	4.906	3.194	1246.509	-1.160
0.190	-0.560	28.384	4.882	3.194	1250.164	-1.158
0.192	-0.572	28.414	4.857	3.186	1261.131	-1.154
0.193	-0.560	28.390	4.833	3.194	1267.223	-1.154
0.195	-0.560	28.408	4.824	3.194	1266.005	-1.156
0.196	-0.548	28.371	4.792	3.186	1267.223	-1.154
0.198	-0.548	28.402	4.759	3.194	1266.005	-1.154
0.199	0.146	28.365	4.743	3.194	1250.164	-1.163
0.201	41.942	28.402	4.767	3.186	1240.416	-1.157
0.202	48.018	28.371	4.792	3.186	1248.946	-1.160
0.204	48.773	28.384	4.792	3.194	1251.383	-1.157
0.205	48.859	28.365	4.824	3.194	1252.601	-1.155
0.207	48.865	28.244	4.833	3.186	1244.072	-1.157
0.208	48.859	28.238	4.849	3.186	1247.727	-1.156
0.210	48.859	28.280	4.874	3.178	1248.946	-1.152
0.211	48.859	28.286	4.882	3.186	1242.853	-1.155
0.213	48.859	28.201	4.890	3.178	1236.761	-1.161
0.214	48.852	28.238	4.915	3.170	1255.038	-1.152
0.216	48.846	28.225	4.915	3.170	1256.257	-1.154
0.217	48.852	28.225	4.931	3.170	1256.257	-1.157
0.219	48.846	28.225	4.956	3.170	1262.349	-1.157
0.220	48.846	28.219	4.956	3.178	1262.349	-1.154
0.222	48.840	28.225	4.956	3.162	1266.005	-1.149
0.223	48.834	28.219	4.980	3.162	1255.038	-1.158
0.225	48.822	28.213	4.988	3.162	1255.038	-1.156
0.226	48.822	28.213	5.005	3.170	1244.072	-1.165
0.228	48.828	28.195	5.013	3.170	1257.475	-1.155
0.229	48.822	28.201	5.021	3.178	1248.946	-1.154
0.231	48.816	28.201	5.037	3.178	1244.072	-1.157
0.232	48.810	28.213	5.046	3.178	1252.601	-1.155
0.234	48.804	28.201	5.054	3.178	1248.946	-1.152
0.235	48.792	28.207	5.054	3.186	1250.164	-1.157
0.237	48.798	28.207	5.078	3.170	1258.694	-1.155
0.238	48.792	28.219	5.078	3.178	1263.568	-1.154
0.240	48.785	28.207	5.087	3.170	1262.349	-1.160
0.241	48.792	28.219	5.103	3.178	1266.005	-1.154
0.243	48.779	28.213	5.111	3.178	1264.786	-1.154
0.244	48.785	28.225	5.119	3.170	1267.223	-1.151
0.246	48.779	28.207	5.128	3.170	1262.349	-1.155
0.247	48.779	28.238	5.152	3.170	1257.475	-1.155
0.249	48.779	28.201	5.160	3.170	1255.038	-1.155
0.250	48.779	28.231	5.152	3.178	1251.383	-1.157
0.252	48.779	28.201	5.168	3.178	1256.257	-1.152
0.253	48.779	28.225	5.185	3.178	1244.072	-1.161
0.255	48.761	28.207	5.193	3.170	1246.509	-1.157
0.256	48.773	28.231	5.193	3.178	1244.072	-1.156
0.258	48.767	28.207	5.201	3.178	1242.853	-1.156
0.259	48.761	28.238	5.226	3.178	1242.853	-1.156
0.261	48.761	28.213	5.226	3.178	1251.383	-1.154
0.262	48.767	28.238	5.218	3.170	1253.820	-1.157
0.264	48.755	28.225	5.242	3.170	1259.912	-1.156
0.265	48.761	28.238	5.259	3.178	1263.568	-1.155
0.267	48.755	28.219	5.259	3.186	1253.820	-1.163
0.268	48.761	28.238	5.267	3.178	1255.038	-1.157
0.270	33.102	28.207	5.226	3.162	1297.685	-1.146
0.271	3.610	28.250	5.234	3.186	1239.198	-1.166
0.273	-0.030	28.238	5.193	3.178	1246.509	-1.160
0.274	-0.505	28.262	5.168	3.178	1248.946	-1.157
0.276	-0.578	28.231	5.119	3.170	1246.509	-1.156
0.277	-0.584	28.262	5.103	3.178	1244.072	-1.157
0.279	-0.591	28.231	5.070	3.178	1247.727	-1.156
0.280	-0.578	28.280	5.037	3.178	1244.072	-1.160
0.282	-0.591	28.238	5.013	3.186	1255.038	-1.157
0.283	-0.584	28.262	4.980	3.178	1261.131	-1.151
0.285	-0.578	28.238	4.972	3.178	1259.912	-1.158
0.286	-0.578	28.280	4.939	3.178	1266.005	-1.155
0.288	-0.578	28.244	4.923	3.178	1264.786	-1.154
0.289	-0.566	28.280	4.898	3.186	1264.786	-1.154
0.291	-0.560	28.262	4.874	3.178	1256.257	-1.158
0.292	-0.560	28.286	4.841	3.186	1261.131	-1.151
0.294	-0.566	28.256	4.808	3.170	1252.601	-1.158
0.295	-0.560	28.274	4.800	3.186	1251.383	-1.158
0.297	-0.554	28.262	4.775	3.178	1252.601	-1.156
0.298	-0.548	28.280	4.743	3.170	1247.727	-1.157
0.300	18.929	28.268	4.775	3.162	1209.954	-1.213
0.301	45.145	28.292	4.767	3.178	1241.635	-1.157
0.303	48.420	28.268	4.783	3.178	1240.416	-1.152
0.304	48.816	28.286	4.792	3.170	1244.072	-1.154
0.306	48.865	28.268	4.808	3.178	1247.727	-1.155
0.307	48.865	28.286	4.824	3.170	1247.727	-1.158
0.309	48.859	28.268	4.857	3.178	1257.475	-1.157
0.310	48.865	28.298	4.865	3.194	1268.441	-1.150
0.312	48.859	28.280	4.874	3.186	1257.475	-1.158
0.313	48.852	28.292	4.898	3.186	1274.534	-1.145
0.315	48.840	28.280	4.906	3.170	1258.694	-1.152
0.316	48.846	28.298	4.915	3.178	1255.038	-1.157
0.318	48.834	28.274	4.931	3.178	1248.946	-1.158
0.319	48.834	28.298	4.947	3.178	1251.383	-1.155
0.321	48.828	28.274	4.956	3.178	1245.290	-1.160
0.322	48.822	28.304	4.964	3.178	1250.164	-1.156
0.324	48.816	28.280	4.988	3.178	1246.509	-1.154
0.325	48.816	28.298	4.988	3.186	1244.072	-1.157
0.327	48.804	28.286	4.996	3.170	1248.946	-1.155
0.328	48.810	28.317	5.013	3.178	1255.038	-1.154
0.330	48.810	28.292	5.021	3.170	1256.257	-1.157
0.331	48.792	28.292	5.046	3.186	1259.912	-1.157
0.333	48.810	28.292	5.037	3.178	1267.223	-1.152
0.334	48.804	28.311	5.054	3.170	1261.131	-1.155
0.336	48.804	28.292	5.062	3.178	1253.820	-1.160
0.337	48.792	28.304	5.070	3.186	1264.786	-1.150
0.339	48.804	28.292	5.087	3.178	1253.820	-1.156
0.340	48.804	28.311	5.095	3.178	1251.383	-1.157
0.342	48.792	28.311	5.111	3.178	1251.383	-1.155
0.343	48.792	28.304	5.111	3.178	1252.601	-1.155
0.345	48.785	28.311	5.119	3.178	1246.509	-1.157
0.346	48.785	28.292	5.144	3.178	1246.509	-1.155
0.348	48.798	28.304	5.144	3.178	1244.072	-1.157
0.349	48.785	28.304	5.152	3.178	1240.416	-1.158
0.351	48.779	28.317	5.168	3.178	1247.727	-1.150
0.352	48.792	28.304	5.168	3.170	1246.509	-1.157
0.354	48.779	28.311	5.185	3.186	1253.820	-1.158
0.355	48.773	28.298	5.193	3.170	1261.131	-1.155
0.357	48.779	28.311	5.193	3.178	1259.912	-1.154
0.358	48.767	28.317	5.209	3.186	1257.475	-1.157
0.360	48.773	28.317	5.226	3.178	1270.878	-1.144
0.361	48.755	28.311	5.226	3.186	1257.475	-1.155
0.363	48.767	28.329	5.234	3.178	1251.383	-1.158
0.364	48.749	28.323	5.242	3.186	1258.694	-1.150
0.366	48.755	28.335	5.250	3.186	1250.164	-1.155
0.367	48.761	28.317	5.267	3.170	1250.164	-1.155
0.369	48.755	28.329	5.267	3.186	1247.727	-1.156
0.370	18.862	28.304	5.226	3.162	1230.669	-1.213
0.372	1.918	28.329	5.226	3.170	1240.416	-1.161
0.373	-0.256	28.329	5.201	3.178	1257.475	-1.152
0.375	-0.536	28.347	5.160	3.186	1253.820	-1.155
0.376	-0.591	28.317	5.136	3.186	1257.475	-1.158
0.378	-0.578	28.347	5.095	3.178	1270.878	-1.151
0.379	-0.591	28.335	5.062	3.186	1263.568	-1.157
0.381	-0.591	28.347	5.046	3.178	1257.475	-1.156
0.382	-0.591	28.323	5.021	3.178	1257.475	-1.157
0.384	-0.578	28.335	4.980	3.186	1253.820	-1.154
0.385	-0.584	28.317	4.964	3.178	1253.820	-1.157
0.387	-0.584	28.347	4.931	3.170	1253.820	-1.155
0.388	-0.566	28.329	4.906	3.186	1253.820	-1.155
0.390	-0.566	28.353	4.882	3.178	1250.164	-1.157
0.391	-0.560	28.323	4.857	3.170	1255.038	-1.149
0.393	-0.572	28.359	4.833	3.186	1244.072	-1.155
0.394	-0.560	28.323	4.824	3.194	1237.979	-1.155
0.396	-0.560	28.359	4.792	3.186	1247.727	-1.147
0.397	-0.542	28.341	4.767	3.186	1245.290	-1.154
0.399	-0.554	28.353	4.751	3.170	1248.946	-1.156
0.400	32.670	28.347	4.775	3.170	1287.937	-1.157
0.402	46.856	28.359	4.775	3.170	1267.223	-1.149
0.403	48.627	28.347	4.775	3.186	1252.601	-1.160
0.405	48.822	28.347	4.816	3.186	1264.786	-1.150
0.406	48.846	28.329	4.824	3.194	1261.131	-1.150
0.408	48.852	28.341	4.833	3.178	1253.820	-1.154
0.409	48.846	28.323	4.857	3.178	1255.038	-1.154
0.411	48.852	28.359	4.874	3.178	1256.257	-1.151
0.412	48.840	28.341	4.882	3.186	1248.946	-1.155
0.414	48.846	28.365	4.898	3.186	1246.509	-1.155
0.415	48.828	28.347	4.915	3.178	1251.383	-1.150
0.417	48.834	28.371	4.923	3.170	1245.290	-1.156
0.418	48.828	28.341	4.939	3.178	1253.820	-1.150
0.420	48.840	28.384	4.956	3.178	1252.601	-1.156
0.421	48.822	28.359	4.980	3.178	1256.257	-1.154
0.423	48.828	28.371	4.980	3.170	1264.786	-1.154
0.424	48.834	28.341	4.988	3.178	1264.786	-1.155
0.426	48.822	28.378	5.005	3.178	1263.568	-1.156
0.427	48.810	28.341	5.029	3.178	1263.568	-1.152
0.429	48.816	28.365	5.021	3.186	1261.131	-1.149
0.430	48.810	28.341	5.037	3.178	1250.164	-1.157
0.432	48.816	28.365	5.037	3.178	1261.131	-1.150
0.433	48.810	28.341	5.054	3.186	1257.475	-1.151
0.435	48.810	28.371	5.078	3.178	1250.164	-1.155
0.436	48.798	28.347	5.078	3.178	1250.164	-1.152
0.438	48.804	28.371	5.095	3.178	1248.946	-1.154
0.439	48.804	28.353	5.103	3.186	1246.509	-1.152
0.441	48.804	28.384	5.111	3.186	1241.635	-1.154
0.442	48.792	28.359	5.128	3.186	1246.509	-1.147
0.444	48.798	28.378	5.128	3.178	1245.290	-1.156
0.445	48.792	28.347	5.144	3.178	1262.349	-1.149
0.447	48.785	28.365	5.152	3.194	1258.694	-1.154
0.448	48.785	28.359	5.168	3.178	1261.131	-1.155
0.450	48.779	28.378	5.168	3.170	1259.912	-1.154
0.451	48.785	28.359	5.185	3.194	1253.820	-1.161
0.453	48.773	28.371	5.193	3.178	1253.820	-1.156
0.454	48.767	28.353	5.201	3.178	1258.694	-1.154
0.456	48.773	28.371	5.209	3.178	1258.694	-1.146
0.457	48.779	28.371	5.218	3.178	1247.727	-1.156
0.459	48.773	28.396	5.234	3.186	1250.164	-1.154
0.460	48.773	28.371	5.242	3.178	1253.820	-1.149
0.462	48.779	28.384	5.250	3.186	1245.290	-1.154
0.463	48.761	28.371	5.259	3.178	1247.727	-1.152
0.465	48.767	28.384	5.275	3.170	1250.164	-1.151
0.466	48.767	28.365	5.283	3.186	1257.475	-1.151
0.468	48.767	28.390	5.283	3.178	1262.349	-1.152
0.469	48.761	28.371	5.283	3.186	1272.097	-1.147
0.471	10.088	28.384	5.267	3.178	1258.694	-1.143
0.472	0.773	28.384	5.250	3.186	1272.097	-1.145
0.474	-0.408	28.390	5.209	3.194	1261.131	-1.149
0.475	-0.566	28.384	5.160	3.186	1257.475	-1.152
0.477	-0.584	28.390	5.144	3.178	1258.694	-1.151
0.478	-0.584	28.384	5.103	3.178	1258.694	-1.150
0.480	-0.591	28.396	5.070	3.186	1250.164	-1.154
0.481	-0.584	28.390	5.054	3.178	1253.820	-1.154
0.483	-0.584	28.384	5.021	3.186	1257.475	-1.149
0.484	-0.584	28.390	4.996	3.178	1246.509	-1.154
0.486	-0.572	28.396	4.980	3.186	1245.290	-1.156
0.487	-0.578	28.390	4.947	3.178	1247.727	-1.149
0.489	-0.578	28.384	4.915	3.194	1241.635	-1.156
0.490	-0.566	28.396	4.898	3.178	1246.509	-1.157
0.492	-0.560	28.378	4.865	3.186	1253.820	-1.155
0.493	-0.560	28.384	4.833	3.178	1261.131	-1.152
0.495	-0.566	28.390	4.816	3.170	1261.131	-1.152
0.496	-0.560	28.396	4.792	3.194	1264.786	-1.149
0.498	-0.560	28.384	4.775	3.186	1251.383	-1.157
0.499	-0.712	28.402	4.751	3.178	1261.131	-1.155
0.501	39.282	28.384	4.775	3.186	1250.164	-1.147
0.502	47.671	28.390	4.792	3.186	1252.601	-1.150
0.504	48.700	28.378	4.808	3.178	1252.601	-1.154
0.505	48.828	28.402	4.816	3.186	1248.946	-1.150
0.507	48.846	28.378	4.849	3.178	1244.072	-1.156
0.508	48.852	28.396	4.874	3.186	1248.946	-1.154
0.510	48.859	28.396	4.874	3.178	1252.601	-1.150
0.511	48.846	28.408	4.890	3.194	1252.601	-1.151
0.513	48.846	28.384	4.906	3.186	1255.038	-1.158
0.514	48.840	28.396	4.923	3.178	1269.660	-1.149
0.516	48.834	28.384	4.931	3.186	1264.786	-1.152
0.517	48.840	28.402	4.939	3.186	1264.786	-1.152
0.519	48.834	28.390	4.964	3.194	1262.349	-1.152
0.520	48.828	28.420	4.980	3.186	1258.694	-1.151
0.522	48.834	28.396	4.996	3.186	1259.912	-1.150
0.523	48.828	28.414	5.005	3.186	1261.131	-1.150
0.525	48.822	28.390	5.013	3.194	1255.038	-1.151
0.526	48.828	28.420	5.013	3.178	1252.601	-1.155
0.528	48.822	28.396	5.037	3.186	1255.038	-1.150
0.529	48.828	28.420	5.046	3.186	1247.727	-1.151
0.531	48.822	28.396	5.054	3.186	1245.290	-1.151
0.532	48.810	28.420	5.054	3.194	1245.290	-1.149
0.534	48.810	28.390	5.078	3.178	1241.635	-1.152
0.535	48.804	28.426	5.078	3.186	1246.509	-1.152
0.537	48.804	28.414	5.087	3.186	1257.475	-1.150
0.538	48.804	28.438	5.103	3.194	1257.475	-1.150
0.540	48.804	28.414	5.103	3.194	1258.694	-1.158
0.541	48.804	28.432	5.136	3.186	1267.223	-1.151
0.543	48.798	28.408	5.136	3.194	1268.441	-1.147
0.544	48.798	28.438	5.144	3.186	1252.601	-1.157
0.546	48.792	28.402	5.160	3.194	1253.820	-1.156
0.547	48.792	28.432	5.177	3.194	1251.383	-1.154
0.549	48.792	28.402	5.168	3.186	1251.383	-1.154
0.550	48.779	28.432	5.193	3.170	1248.946	-1.152
0.552	48.773	28.396	5.193	3.186	1247.727	-1.154
0.553	48.785	28.426	5.201	3.194	1240.416	-1.161
0.555	48.779	28.402	5.226	3.178	1247.727	-1.150
0.556	48.785	28.426	5.226	3.186	1247.727	-1.155
0.558	48.773	28.396	5.242	3.203	1251.383	-1.155
0.559	48.767	28.426	5.250	3.186	1259.912	-1.154
0.561	48.773	28.396	5.259	3.194	1262.349	-1.155
0.562	48.767	28.432	5.267	3.186	1262.349	-1.155
0.564	48.767	28.402	5.275	3.186	1267.223	-1.154
0.565	48.761	28.420	5.283	3.186	1262.349	-1.151
0.567	48.755	28.408	5.291	3.194	1253.820	-1.161
0.568	48.749	28.432	5.308	3.186	1258.694	-1.150
0.570	44.950	28.457	5.300	3.186	1237.979	-1.174
0.571	5.139	28.426	5.259	3.186	1234.324	-1.158
0.573	0.164	28.414	5.226	3.194	1248.946	-1.156
0.574	-0.499	28.451	5.193	3.194	1251.383	-1.150
0.576	-0.560	28.420	5.160	3.186	1244.072	-1.154
0.577	-0.603	28.445	5.136	3.186	1241.635	-1.157
0.579	-0.597	28.420	5.095	3.194	1241.635	-1.155
0.580	-0.603	28.457	5.070	3.178	1237.979	-1.158
